-1    -2.77838     -2.47863     -1.46664     -2.92898     -1.43767     -1.30139     -3.60305     
-2    -4.77756     -4.47653     -2.45374     -4.85736     -2.45033     -2.30095     -5.68181     
-3    -6.92369     -6.32163     -3.46748     -4.88626     -3.50192     -3.32159     -4.335       
-4    -inf         -inf         -3.70858     -3.9897      -3.39748     -7.35941     -4.00038     
-5    -inf         -inf         -2.42344     -3.10146     -2.65984     -7.35941     -5.00381     
-6    -inf         -inf         -2.08889     -2.08889     -2.08889     -7.35941     -6.03949     
-7    -inf         -inf         -0.954441    -0.728244    -0.314271    -7.35941     -7.73374     
-8    -inf         -inf         -0.150515    -0.150515    -0.150515    -7.35941     -7.66742     
-9    -inf         -inf         -0.150515    -0.150515    -0.150515    -7.35941     -6.39753     
-10   -inf         -inf         -0.150515    -0.150515    -0.150515    -7.35941     -5.35683     
-11   -inf         -inf         -0.150515    -0.150515    -0.150515    -7.35941     -4.35296     
-12   -inf         -inf         -0.150515    -0.150515    -0.150515    -7.35941     -3.35257     
-13   -inf         -inf         -0.150515    -0.150515    -0.150515    -7.35941     -2.35253     
-14   -inf         -inf         -0.150515    -0.150515    -0.150515    -7.35941     -1.35253     
-15   -inf         -inf         -0.150515    -0.150515    -0.150515    -7.35941     -0.35253     
-16   -inf         -inf         -0.150515    -0.150515    -0.150515    -7.35941     0.64747      
-17   -inf         -inf         -0.150515    -0.150515    -0.150515    -7.35941     1.64747      
-18   -inf         -inf         -0.150515    -0.150515    -0.150515    -7.35941     2.64747      
-19   -inf         -inf         -0.150515    -0.150515    -0.150515    -7.35941     3.64747      
-20   -inf         -inf         -0.150515    -0.150515    -0.150515    -7.35941     4.64747      
