1	1e-30	1
2	1.02329e-30	1
3	1.04713e-30	1
4	1.07152e-30	1
5	1.09648e-30	1
6	1.12202e-30	1
7	1.14815e-30	1
8	1.1749e-30	1
9	1.20226e-30	1
10	1.23027e-30	1
11	1.25893e-30	1
12	1.28825e-30	1
13	1.31826e-30	1
14	1.34896e-30	1
15	1.38038e-30	1
16	1.41254e-30	1
17	1.44544e-30	1
18	1.47911e-30	1
19	1.51356e-30	1
20	1.54882e-30	1
21	1.58489e-30	1
22	1.62181e-30	1
23	1.65959e-30	1
24	1.69824e-30	1
25	1.7378e-30	1
26	1.77828e-30	1
27	1.8197e-30	1
28	1.86209e-30	1
29	1.90546e-30	1
30	1.94984e-30	1
31	1.99526e-30	1
32	2.04174e-30	1
33	2.0893e-30	1
34	2.13796e-30	1
35	2.18776e-30	1
36	2.23872e-30	1
37	2.29087e-30	1
38	2.34423e-30	1
39	2.39883e-30	1
40	2.45471e-30	1
41	2.51189e-30	1
42	2.5704e-30	1
43	2.63027e-30	1
44	2.69153e-30	1
45	2.75423e-30	1
46	2.81838e-30	1
47	2.88403e-30	1
48	2.95121e-30	1
49	3.01995e-30	1
50	3.0903e-30	1
51	3.16228e-30	1
52	3.23594e-30	1
53	3.31131e-30	1
54	3.38844e-30	1
55	3.46737e-30	1
56	3.54813e-30	1
57	3.63078e-30	1
58	3.71535e-30	1
59	3.80189e-30	1
60	3.89045e-30	1
61	3.98107e-30	1
62	4.0738e-30	1
63	4.16869e-30	1
64	4.2658e-30	1
65	4.36516e-30	1
66	4.46684e-30	1
67	4.57088e-30	1
68	4.67735e-30	1
69	4.7863e-30	1
70	4.89779e-30	1
71	5.01187e-30	1
72	5.12861e-30	1
73	5.24807e-30	1
74	5.37032e-30	1
75	5.49541e-30	1
76	5.62341e-30	1
77	5.7544e-30	1
78	5.88844e-30	1
79	6.0256e-30	1
80	6.16595e-30	1
81	6.30957e-30	1
82	6.45654e-30	1
83	6.60693e-30	1
84	6.76083e-30	1
85	6.91831e-30	1
86	7.07946e-30	1
87	7.24436e-30	1
88	7.4131e-30	1
89	7.58578e-30	1
90	7.76247e-30	1
91	7.94328e-30	1
92	8.12831e-30	1
93	8.31764e-30	1
94	8.51138e-30	1
95	8.70964e-30	1
96	8.91251e-30	1
97	9.12011e-30	1
98	9.33254e-30	1
99	9.54993e-30	1
100	9.77237e-30	1
101	1e-29	1
102	1.02329e-29	1
103	1.04713e-29	1
104	1.07152e-29	1
105	1.09648e-29	1
106	1.12202e-29	1
107	1.14815e-29	1
108	1.1749e-29	1
109	1.20226e-29	1
110	1.23027e-29	1
111	1.25893e-29	1
112	1.28825e-29	1
113	1.31826e-29	1
114	1.34896e-29	1
115	1.38038e-29	1
116	1.41254e-29	1
117	1.44544e-29	1
118	1.47911e-29	1
119	1.51356e-29	1
120	1.54882e-29	1
121	1.58489e-29	1
122	1.62181e-29	1
123	1.65959e-29	1
124	1.69824e-29	1
125	1.7378e-29	1
126	1.77828e-29	1
127	1.8197e-29	1
128	1.86209e-29	1
129	1.90546e-29	1
130	1.94984e-29	1
131	1.99526e-29	1
132	2.04174e-29	1
133	2.0893e-29	1
134	2.13796e-29	1
135	2.18776e-29	1
136	2.23872e-29	1
137	2.29087e-29	1
138	2.34423e-29	1
139	2.39883e-29	1
140	2.45471e-29	1
141	2.51189e-29	1
142	2.5704e-29	1
143	2.63027e-29	1
144	2.69153e-29	1
145	2.75423e-29	1
146	2.81838e-29	1
147	2.88403e-29	1
148	2.95121e-29	1
149	3.01995e-29	1
150	3.0903e-29	1
151	3.16228e-29	1
152	3.23594e-29	1
153	3.31131e-29	1
154	3.38844e-29	1
155	3.46737e-29	1
156	3.54813e-29	1
157	3.63078e-29	1
158	3.71535e-29	1
159	3.80189e-29	1
160	3.89045e-29	1
161	3.98107e-29	1
162	4.0738e-29	1
163	4.16869e-29	1
164	4.2658e-29	1
165	4.36516e-29	1
166	4.46684e-29	1
167	4.57088e-29	1
168	4.67735e-29	1
169	4.7863e-29	1
170	4.89779e-29	1
171	5.01187e-29	1
172	5.12861e-29	1
173	5.24807e-29	1
174	5.37032e-29	1
175	5.49541e-29	1
176	5.62341e-29	1
177	5.7544e-29	1
178	5.88844e-29	1
179	6.0256e-29	1
180	6.16595e-29	1
181	6.30957e-29	1
182	6.45654e-29	1
183	6.60693e-29	1
184	6.76083e-29	1
185	6.91831e-29	1
186	7.07946e-29	1
187	7.24436e-29	1
188	7.4131e-29	1
189	7.58578e-29	1
190	7.76247e-29	1
191	7.94328e-29	1
192	8.12831e-29	1
193	8.31764e-29	1
194	8.51138e-29	1
195	8.70964e-29	1
196	8.91251e-29	1
197	9.12011e-29	1
198	9.33254e-29	1
199	9.54993e-29	1
200	9.77237e-29	1
201	1e-28	1
202	1.02329e-28	1
203	1.04713e-28	1
204	1.07152e-28	1
205	1.09648e-28	1
206	1.12202e-28	1
207	1.14815e-28	1
208	1.1749e-28	1
209	1.20226e-28	1
210	1.23027e-28	1
211	1.25893e-28	1
212	1.28825e-28	1
213	1.31826e-28	1
214	1.34896e-28	1
215	1.38038e-28	1
216	1.41254e-28	1
217	1.44544e-28	1
218	1.47911e-28	1
219	1.51356e-28	1
220	1.54882e-28	1
221	1.58489e-28	1
222	1.62181e-28	1
223	1.65959e-28	1
224	1.69824e-28	1
225	1.7378e-28	1
226	1.77828e-28	1
227	1.8197e-28	1
228	1.86209e-28	1
229	1.90546e-28	1
230	1.94984e-28	1
231	1.99526e-28	1
232	2.04174e-28	1
233	2.0893e-28	1
234	2.13796e-28	1
235	2.18776e-28	1
236	2.23872e-28	1
237	2.29087e-28	1
238	2.34423e-28	1
239	2.39883e-28	1
240	2.45471e-28	1
241	2.51189e-28	1
242	2.5704e-28	1
243	2.63027e-28	1
244	2.69153e-28	1
245	2.75423e-28	1
246	2.81838e-28	1
247	2.88403e-28	1
248	2.95121e-28	1
249	3.01995e-28	1
250	3.0903e-28	1
251	3.16228e-28	1
252	3.23594e-28	1
253	3.31131e-28	1
254	3.38844e-28	1
255	3.46737e-28	1
256	3.54813e-28	1
257	3.63078e-28	1
258	3.71535e-28	1
259	3.80189e-28	1
260	3.89045e-28	1
261	3.98107e-28	1
262	4.0738e-28	1
263	4.16869e-28	1
264	4.2658e-28	1
265	4.36516e-28	1
266	4.46684e-28	1
267	4.57088e-28	1
268	4.67735e-28	1
269	4.7863e-28	1
270	4.89779e-28	1
271	5.01187e-28	1
272	5.12861e-28	1
273	5.24807e-28	1
274	5.37032e-28	1
275	5.49541e-28	1
276	5.62341e-28	1
277	5.7544e-28	1
278	5.88844e-28	1
279	6.0256e-28	1
280	6.16595e-28	1
281	6.30957e-28	1
282	6.45654e-28	1
283	6.60693e-28	1
284	6.76083e-28	1
285	6.91831e-28	1
286	7.07946e-28	1
287	7.24436e-28	1
288	7.4131e-28	1
289	7.58578e-28	1
290	7.76247e-28	1
291	7.94328e-28	1
292	8.12831e-28	1
293	8.31764e-28	1
294	8.51138e-28	1
295	8.70964e-28	1
296	8.91251e-28	1
297	9.12011e-28	1
298	9.33254e-28	1
299	9.54993e-28	1
300	9.77237e-28	1
301	1e-27	1
302	1.02329e-27	1
303	1.04713e-27	1
304	1.07152e-27	1
305	1.09648e-27	1
306	1.12202e-27	1
307	1.14815e-27	1
308	1.1749e-27	1
309	1.20226e-27	1
310	1.23027e-27	1
311	1.25893e-27	1
312	1.28825e-27	1
313	1.31826e-27	1
314	1.34896e-27	1
315	1.38038e-27	1
316	1.41254e-27	1
317	1.44544e-27	1
318	1.47911e-27	1
319	1.51356e-27	1
320	1.54882e-27	1
321	1.58489e-27	1
322	1.62181e-27	1
323	1.65959e-27	1
324	1.69824e-27	1
325	1.7378e-27	1
326	1.77828e-27	1
327	1.8197e-27	1
328	1.86209e-27	1
329	1.90546e-27	1
330	1.94984e-27	1
331	1.99526e-27	1
332	2.04174e-27	1
333	2.0893e-27	1
334	2.13796e-27	1
335	2.18776e-27	1
336	2.23872e-27	1
337	2.29087e-27	1
338	2.34423e-27	1
339	2.39883e-27	1
340	2.45471e-27	1
341	2.51189e-27	1
342	2.5704e-27	1
343	2.63027e-27	1
344	2.69153e-27	1
345	2.75423e-27	1
346	2.81838e-27	1
347	2.88403e-27	1
348	2.95121e-27	1
349	3.01995e-27	1
350	3.0903e-27	1
351	3.16228e-27	1
352	3.23594e-27	1
353	3.31131e-27	1
354	3.38844e-27	1
355	3.46737e-27	1
356	3.54813e-27	1
357	3.63078e-27	1
358	3.71535e-27	1
359	3.80189e-27	1
360	3.89045e-27	1
361	3.98107e-27	1
362	4.0738e-27	1
363	4.16869e-27	1
364	4.2658e-27	1
365	4.36516e-27	1
366	4.46684e-27	1
367	4.57088e-27	1
368	4.67735e-27	1
369	4.7863e-27	1
370	4.89779e-27	1
371	5.01187e-27	1
372	5.12861e-27	1
373	5.24807e-27	1
374	5.37032e-27	1
375	5.49541e-27	1
376	5.62341e-27	1
377	5.7544e-27	1
378	5.88844e-27	1
379	6.0256e-27	1
380	6.16595e-27	1
381	6.30957e-27	1
382	6.45654e-27	1
383	6.60693e-27	1
384	6.76083e-27	1
385	6.91831e-27	1
386	7.07946e-27	1
387	7.24436e-27	1
388	7.4131e-27	1
389	7.58578e-27	1
390	7.76247e-27	1
391	7.94328e-27	1
392	8.12831e-27	1
393	8.31764e-27	1
394	8.51138e-27	1
395	8.70964e-27	1
396	8.91251e-27	1
397	9.12011e-27	1
398	9.33254e-27	1
399	9.54993e-27	1
400	9.77237e-27	1
401	1e-26	1
402	1.02329e-26	1
403	1.04713e-26	1
404	1.07152e-26	1
405	1.09648e-26	1
406	1.12202e-26	1
407	1.14815e-26	1
408	1.1749e-26	1
409	1.20226e-26	1
410	1.23027e-26	1
411	1.25893e-26	1
412	1.28825e-26	1
413	1.31826e-26	1
414	1.34896e-26	1
415	1.38038e-26	1
416	1.41254e-26	1
417	1.44544e-26	1
418	1.47911e-26	1
419	1.51356e-26	1
420	1.54882e-26	1
421	1.58489e-26	1
422	1.62181e-26	1
423	1.65959e-26	1
424	1.69824e-26	1
425	1.7378e-26	1
426	1.77828e-26	1
427	1.8197e-26	1
428	1.86209e-26	1
429	1.90546e-26	1
430	1.94984e-26	1
431	1.99526e-26	1
432	2.04174e-26	1
433	2.0893e-26	1
434	2.13796e-26	1
435	2.18776e-26	1
436	2.23872e-26	1
437	2.29087e-26	1
438	2.34423e-26	1
439	2.39883e-26	1
440	2.45471e-26	1
441	2.51189e-26	1
442	2.5704e-26	1
443	2.63027e-26	1
444	2.69153e-26	1
445	2.75423e-26	1
446	2.81838e-26	1
447	2.88403e-26	1
448	2.95121e-26	1
449	3.01995e-26	1
450	3.0903e-26	1
451	3.16228e-26	1
452	3.23594e-26	1
453	3.31131e-26	1
454	3.38844e-26	1
455	3.46737e-26	1
456	3.54813e-26	1
457	3.63078e-26	1
458	3.71535e-26	1
459	3.80189e-26	1
460	3.89045e-26	1
461	3.98107e-26	1
462	4.0738e-26	1
463	4.16869e-26	1
464	4.2658e-26	1
465	4.36516e-26	1
466	4.46684e-26	1
467	4.57088e-26	1
468	4.67735e-26	1
469	4.7863e-26	1
470	4.89779e-26	1
471	5.01187e-26	1
472	5.12861e-26	1
473	5.24807e-26	1
474	5.37032e-26	1
475	5.49541e-26	1
476	5.62341e-26	1
477	5.7544e-26	1
478	5.88844e-26	1
479	6.0256e-26	1
480	6.16595e-26	1
481	6.30957e-26	1
482	6.45654e-26	1
483	6.60693e-26	1
484	6.76083e-26	1
485	6.91831e-26	1
486	7.07946e-26	1
487	7.24436e-26	1
488	7.4131e-26	1
489	7.58578e-26	1
490	7.76247e-26	1
491	7.94328e-26	1
492	8.12831e-26	1
493	8.31764e-26	1
494	8.51138e-26	1
495	8.70964e-26	1
496	8.91251e-26	1
497	9.12011e-26	1
498	9.33254e-26	1
499	9.54993e-26	1
500	9.77237e-26	1
501	1e-25	1
502	1.02329e-25	1
503	1.04713e-25	1
504	1.07152e-25	1
505	1.09648e-25	1
506	1.12202e-25	1
507	1.14815e-25	1
508	1.1749e-25	1
509	1.20226e-25	1
510	1.23027e-25	1
511	1.25893e-25	1
512	1.28825e-25	1
513	1.31826e-25	1
514	1.34896e-25	1
515	1.38038e-25	1
516	1.41254e-25	1
517	1.44544e-25	1
518	1.47911e-25	1
519	1.51356e-25	1
520	1.54882e-25	1
521	1.58489e-25	1
522	1.62181e-25	1
523	1.65959e-25	1
524	1.69824e-25	1
525	1.7378e-25	1
526	1.77828e-25	1
527	1.8197e-25	1
528	1.86209e-25	1
529	1.90546e-25	1
530	1.94984e-25	1
531	1.99526e-25	1
532	2.04174e-25	1
533	2.0893e-25	1
534	2.13796e-25	1
535	2.18776e-25	1
536	2.23872e-25	1
537	2.29087e-25	1
538	2.34423e-25	1
539	2.39883e-25	1
540	2.45471e-25	1
541	2.51189e-25	1
542	2.5704e-25	1
543	2.63027e-25	1
544	2.69153e-25	1
545	2.75423e-25	1
546	2.81838e-25	1
547	2.88403e-25	1
548	2.95121e-25	1
549	3.01995e-25	1
550	3.0903e-25	1
551	3.16228e-25	1
552	3.23594e-25	1
553	3.31131e-25	1
554	3.38844e-25	1
555	3.46737e-25	1
556	3.54813e-25	1
557	3.63078e-25	1
558	3.71535e-25	1
559	3.80189e-25	1
560	3.89045e-25	1
561	3.98107e-25	1
562	4.0738e-25	1
563	4.16869e-25	1
564	4.2658e-25	1
565	4.36516e-25	1
566	4.46684e-25	1
567	4.57088e-25	1
568	4.67735e-25	1
569	4.7863e-25	1
570	4.89779e-25	1
571	5.01187e-25	1
572	5.12861e-25	1
573	5.24807e-25	1
574	5.37032e-25	1
575	5.49541e-25	1
576	5.62341e-25	1
577	5.7544e-25	1
578	5.88844e-25	1
579	6.0256e-25	1
580	6.16595e-25	1
581	6.30957e-25	1
582	6.45654e-25	1
583	6.60693e-25	1
584	6.76083e-25	1
585	6.91831e-25	1
586	7.07946e-25	1
587	7.24436e-25	1
588	7.4131e-25	1
589	7.58578e-25	1
590	7.76247e-25	1
591	7.94328e-25	1
592	8.12831e-25	1
593	8.31764e-25	1
594	8.51138e-25	1
595	8.70964e-25	1
596	8.91251e-25	1
597	9.12011e-25	1
598	9.33254e-25	1
599	9.54993e-25	1
600	9.77237e-25	1
601	1e-24	1
602	1.02329e-24	1
603	1.04713e-24	1
604	1.07152e-24	1
605	1.09648e-24	1
606	1.12202e-24	1
607	1.14815e-24	1
608	1.1749e-24	1
609	1.20226e-24	1
610	1.23027e-24	1
611	1.25893e-24	1
612	1.28825e-24	1
613	1.31826e-24	1
614	1.34896e-24	1
615	1.38038e-24	1
616	1.41254e-24	1
617	1.44544e-24	1
618	1.47911e-24	1
619	1.51356e-24	1
620	1.54882e-24	1
621	1.58489e-24	1
622	1.62181e-24	1
623	1.65959e-24	1
624	1.69824e-24	1
625	1.7378e-24	1
626	1.77828e-24	1
627	1.8197e-24	1
628	1.86209e-24	1
629	1.90546e-24	1
630	1.94984e-24	1
631	1.99526e-24	1
632	2.04174e-24	1
633	2.0893e-24	1
634	2.13796e-24	1
635	2.18776e-24	1
636	2.23872e-24	1
637	2.29087e-24	1
638	2.34423e-24	1
639	2.39883e-24	1
640	2.45471e-24	1
641	2.51189e-24	1
642	2.5704e-24	1
643	2.63027e-24	1
644	2.69153e-24	1
645	2.75423e-24	1
646	2.81838e-24	1
647	2.88403e-24	1
648	2.95121e-24	1
649	3.01995e-24	1
650	3.0903e-24	1
651	3.16228e-24	1
652	3.23594e-24	1
653	3.31131e-24	1
654	3.38844e-24	1
655	3.46737e-24	1
656	3.54813e-24	1
657	3.63078e-24	1
658	3.71535e-24	1
659	3.80189e-24	1
660	3.89045e-24	1
661	3.98107e-24	1
662	4.0738e-24	1
663	4.16869e-24	1
664	4.2658e-24	1
665	4.36516e-24	1
666	4.46684e-24	1
667	4.57088e-24	1
668	4.67735e-24	1
669	4.7863e-24	1
670	4.89779e-24	1
671	5.01187e-24	1
672	5.12861e-24	1
673	5.24807e-24	1
674	5.37032e-24	1
675	5.49541e-24	1
676	5.62341e-24	1
677	5.7544e-24	1
678	5.88844e-24	1
679	6.0256e-24	1
680	6.16595e-24	1
681	6.30957e-24	1
682	6.45654e-24	1
683	6.60693e-24	1
684	6.76083e-24	1
685	6.91831e-24	1
686	7.07946e-24	1
687	7.24436e-24	1
688	7.4131e-24	1
689	7.58578e-24	1
690	7.76247e-24	1
691	7.94328e-24	1
692	8.12831e-24	1
693	8.31764e-24	1
694	8.51138e-24	1
695	8.70964e-24	1
696	8.91251e-24	1
697	9.12011e-24	1
698	9.33254e-24	1
699	9.54993e-24	1
700	9.77237e-24	1
701	1e-23	1
702	1.02329e-23	1
703	1.04713e-23	1
704	1.07152e-23	1
705	1.09648e-23	1
706	1.12202e-23	1
707	1.14815e-23	1
708	1.1749e-23	1
709	1.20226e-23	1
710	1.23027e-23	1
711	1.25893e-23	1
712	1.28825e-23	1
713	1.31826e-23	1
714	1.34896e-23	1
715	1.38038e-23	1
716	1.41254e-23	1
717	1.44544e-23	1
718	1.47911e-23	1
719	1.51356e-23	1
720	1.54882e-23	1
721	1.58489e-23	1
722	1.62181e-23	1
723	1.65959e-23	1
724	1.69824e-23	1
725	1.7378e-23	1
726	1.77828e-23	1
727	1.8197e-23	1
728	1.86209e-23	1
729	1.90546e-23	1
730	1.94984e-23	1
731	1.99526e-23	1
732	2.04174e-23	1
733	2.0893e-23	1
734	2.13796e-23	1
735	2.18776e-23	1
736	2.23872e-23	1
737	2.29087e-23	1
738	2.34423e-23	1
739	2.39883e-23	1
740	2.45471e-23	1
741	2.51189e-23	1
742	2.5704e-23	1
743	2.63027e-23	1
744	2.69153e-23	1
745	2.75423e-23	1
746	2.81838e-23	1
747	2.88403e-23	1
748	2.95121e-23	1
749	3.01995e-23	1
750	3.0903e-23	1
751	3.16228e-23	1
752	3.23594e-23	1
753	3.31131e-23	1
754	3.38844e-23	1
755	3.46737e-23	1
756	3.54813e-23	1
757	3.63078e-23	1
758	3.71535e-23	1
759	3.80189e-23	1
760	3.89045e-23	1
761	3.98107e-23	1
762	4.0738e-23	1
763	4.16869e-23	1
764	4.2658e-23	1
765	4.36516e-23	1
766	4.46684e-23	1
767	4.57088e-23	1
768	4.67735e-23	1
769	4.7863e-23	1
770	4.89779e-23	1
771	5.01187e-23	1
772	5.12861e-23	1
773	5.24807e-23	1
774	5.37032e-23	1
775	5.49541e-23	1
776	5.62341e-23	1
777	5.7544e-23	1
778	5.88844e-23	1
779	6.0256e-23	1
780	6.16595e-23	1
781	6.30957e-23	1
782	6.45654e-23	1
783	6.60693e-23	1
784	6.76083e-23	1
785	6.91831e-23	1
786	7.07946e-23	1
787	7.24436e-23	1
788	7.4131e-23	1
789	7.58578e-23	1
790	7.76247e-23	1
791	7.94328e-23	1
792	8.12831e-23	1
793	8.31764e-23	1
794	8.51138e-23	1
795	8.70964e-23	1
796	8.91251e-23	1
797	9.12011e-23	1
798	9.33254e-23	1
799	9.54993e-23	1
800	9.77237e-23	1
801	1e-22	1
802	1.02329e-22	1
803	1.04713e-22	1
804	1.07152e-22	1
805	1.09648e-22	1
806	1.12202e-22	1
807	1.14815e-22	1
808	1.1749e-22	1
809	1.20226e-22	1
810	1.23027e-22	1
811	1.25893e-22	1
812	1.28825e-22	1
813	1.31826e-22	1
814	1.34896e-22	1
815	1.38038e-22	1
816	1.41254e-22	1
817	1.44544e-22	1
818	1.47911e-22	1
819	1.51356e-22	1
820	1.54882e-22	1
821	1.58489e-22	1
822	1.62181e-22	1
823	1.65959e-22	1
824	1.69824e-22	1
825	1.7378e-22	1
826	1.77828e-22	1
827	1.8197e-22	1
828	1.86209e-22	1
829	1.90546e-22	1
830	1.94984e-22	1
831	1.99526e-22	1
832	2.04174e-22	1
833	2.0893e-22	1
834	2.13796e-22	1
835	2.18776e-22	1
836	2.23872e-22	1
837	2.29087e-22	1
838	2.34423e-22	1
839	2.39883e-22	1
840	2.45471e-22	1
841	2.51189e-22	1
842	2.5704e-22	1
843	2.63027e-22	1
844	2.69153e-22	1
845	2.75423e-22	1
846	2.81838e-22	1
847	2.88403e-22	1
848	2.95121e-22	1
849	3.01995e-22	1
850	3.0903e-22	1
851	3.16228e-22	1
852	3.23594e-22	1
853	3.31131e-22	1
854	3.38844e-22	1
855	3.46737e-22	1
856	3.54813e-22	1
857	3.63078e-22	1
858	3.71535e-22	1
859	3.80189e-22	1
860	3.89045e-22	1
861	3.98107e-22	1
862	4.0738e-22	1
863	4.16869e-22	1
864	4.2658e-22	1
865	4.36516e-22	1
866	4.46684e-22	1
867	4.57088e-22	1
868	4.67735e-22	1
869	4.7863e-22	1
870	4.89779e-22	1
871	5.01187e-22	1
872	5.12861e-22	1
873	5.24807e-22	1
874	5.37032e-22	1
875	5.49541e-22	1
876	5.62341e-22	1
877	5.7544e-22	1
878	5.88844e-22	1
879	6.0256e-22	1
880	6.16595e-22	1
881	6.30957e-22	1
882	6.45654e-22	1
883	6.60693e-22	1
884	6.76083e-22	1
885	6.91831e-22	1
886	7.07946e-22	1
887	7.24436e-22	1
888	7.4131e-22	1
889	7.58578e-22	1
890	7.76247e-22	1
891	7.94328e-22	1
892	8.12831e-22	1
893	8.31764e-22	1
894	8.51138e-22	1
895	8.70964e-22	1
896	8.91251e-22	1
897	9.12011e-22	1
898	9.33254e-22	1
899	9.54993e-22	1
900	9.77237e-22	1
901	1e-21	1
902	1.02329e-21	1
903	1.04713e-21	1
904	1.07152e-21	1
905	1.09648e-21	1
906	1.12202e-21	1
907	1.14815e-21	1
908	1.1749e-21	1
909	1.20226e-21	1
910	1.23027e-21	1
911	1.25893e-21	1
912	1.28825e-21	1
913	1.31826e-21	1
914	1.34896e-21	1
915	1.38038e-21	1
916	1.41254e-21	1
917	1.44544e-21	1
918	1.47911e-21	1
919	1.51356e-21	1
920	1.54882e-21	1
921	1.58489e-21	1
922	1.62181e-21	1
923	1.65959e-21	1
924	1.69824e-21	1
925	1.7378e-21	1
926	1.77828e-21	1
927	1.8197e-21	1
928	1.86209e-21	1
929	1.90546e-21	1
930	1.94984e-21	1
931	1.99526e-21	1
932	2.04174e-21	1
933	2.0893e-21	1
934	2.13796e-21	1
935	2.18776e-21	1
936	2.23872e-21	1
937	2.29087e-21	1
938	2.34423e-21	1
939	2.39883e-21	1
940	2.45471e-21	1
941	2.51189e-21	1
942	2.5704e-21	1
943	2.63027e-21	1
944	2.69153e-21	1
945	2.75423e-21	1
946	2.81838e-21	1
947	2.88403e-21	1
948	2.95121e-21	1
949	3.01995e-21	1
950	3.0903e-21	1
951	3.16228e-21	1
952	3.23594e-21	1
953	3.31131e-21	1
954	3.38844e-21	1
955	3.46737e-21	1
956	3.54813e-21	1
957	3.63078e-21	1
958	3.71535e-21	1
959	3.80189e-21	1
960	3.89045e-21	1
961	3.98107e-21	1
962	4.0738e-21	1
963	4.16869e-21	1
964	4.2658e-21	1
965	4.36516e-21	1
966	4.46684e-21	1
967	4.57088e-21	1
968	4.67735e-21	1
969	4.7863e-21	1
970	4.89779e-21	1
971	5.01187e-21	1
972	5.12861e-21	1
973	5.24807e-21	1
974	5.37032e-21	1
975	5.49541e-21	1
976	5.62341e-21	1
977	5.7544e-21	1
978	5.88844e-21	1
979	6.0256e-21	1
980	6.16595e-21	1
981	6.30957e-21	1
982	6.45654e-21	1
983	6.60693e-21	1
984	6.76083e-21	1
985	6.91831e-21	1
986	7.07946e-21	1
987	7.24436e-21	1
988	7.4131e-21	1
989	7.58578e-21	1
990	7.76247e-21	1
991	7.94328e-21	1
992	8.12831e-21	1
993	8.31764e-21	1
994	8.51138e-21	1
995	8.70964e-21	1
996	8.91251e-21	1
997	9.12011e-21	1
998	9.33254e-21	1
999	9.54993e-21	1
1000	9.77237e-21	1
1001	1e-20	1
1002	1.02329e-20	1
1003	1.04713e-20	1
1004	1.07152e-20	1
1005	1.09648e-20	1
1006	1.12202e-20	1
1007	1.14815e-20	1
1008	1.1749e-20	1
1009	1.20226e-20	1
1010	1.23027e-20	1
1011	1.25893e-20	1
1012	1.28825e-20	1
1013	1.31826e-20	1
1014	1.34896e-20	1
1015	1.38038e-20	1
1016	1.41254e-20	1
1017	1.44544e-20	1
1018	1.47911e-20	1
1019	1.51356e-20	1
1020	1.54882e-20	1
1021	1.58489e-20	1
1022	1.62181e-20	1
1023	1.65959e-20	1
1024	1.69824e-20	1
1025	1.7378e-20	1
1026	1.77828e-20	1
1027	1.8197e-20	1
1028	1.86209e-20	1
1029	1.90546e-20	1
1030	1.94984e-20	1
1031	1.99526e-20	1
1032	2.04174e-20	1
1033	2.0893e-20	1
1034	2.13796e-20	1
1035	2.18776e-20	1
1036	2.23872e-20	1
1037	2.29087e-20	1
1038	2.34423e-20	1
1039	2.39883e-20	1
1040	2.45471e-20	1
1041	2.51189e-20	1
1042	2.5704e-20	1
1043	2.63027e-20	1
1044	2.69153e-20	1
1045	2.75423e-20	1
1046	2.81838e-20	1
1047	2.88403e-20	1
1048	2.95121e-20	1
1049	3.01995e-20	1
1050	3.0903e-20	1
1051	3.16228e-20	1
1052	3.23594e-20	1
1053	3.31131e-20	1
1054	3.38844e-20	1
1055	3.46737e-20	1
1056	3.54813e-20	1
1057	3.63078e-20	1
1058	3.71535e-20	1
1059	3.80189e-20	1
1060	3.89045e-20	1
1061	3.98107e-20	1
1062	4.0738e-20	1
1063	4.16869e-20	1
1064	4.2658e-20	1
1065	4.36516e-20	1
1066	4.46684e-20	1
1067	4.57088e-20	1
1068	4.67735e-20	1
1069	4.7863e-20	1
1070	4.89779e-20	1
1071	5.01187e-20	1
1072	5.12861e-20	1
1073	5.24807e-20	1
1074	5.37032e-20	1
1075	5.49541e-20	1
1076	5.62341e-20	1
1077	5.7544e-20	1
1078	5.88844e-20	1
1079	6.0256e-20	1
1080	6.16595e-20	1
1081	6.30957e-20	1
1082	6.45654e-20	1
1083	6.60693e-20	1
1084	6.76083e-20	1
1085	6.91831e-20	1
1086	7.07946e-20	1
1087	7.24436e-20	1
1088	7.4131e-20	1
1089	7.58578e-20	1
1090	7.76247e-20	1
1091	7.94328e-20	1
1092	8.12831e-20	1
1093	8.31764e-20	1
1094	8.51138e-20	1
1095	8.70964e-20	1
1096	8.91251e-20	1
1097	9.12011e-20	1
1098	9.33254e-20	1
1099	9.54993e-20	1
1100	9.77237e-20	1
1101	1e-19	1
1102	1.02329e-19	1
1103	1.04713e-19	1
1104	1.07152e-19	1
1105	1.09648e-19	1
1106	1.12202e-19	1
1107	1.14815e-19	1
1108	1.1749e-19	1
1109	1.20226e-19	1
1110	1.23027e-19	1
1111	1.25893e-19	1
1112	1.28825e-19	1
1113	1.31826e-19	1
1114	1.34896e-19	1
1115	1.38038e-19	1
1116	1.41254e-19	1
1117	1.44544e-19	1
1118	1.47911e-19	1
1119	1.51356e-19	1
1120	1.54882e-19	1
1121	1.58489e-19	1
1122	1.62181e-19	1
1123	1.65959e-19	1
1124	1.69824e-19	1
1125	1.7378e-19	1
1126	1.77828e-19	1
1127	1.8197e-19	1
1128	1.86209e-19	1
1129	1.90546e-19	1
1130	1.94984e-19	1
1131	1.99526e-19	1
1132	2.04174e-19	1
1133	2.0893e-19	1
1134	2.13796e-19	1
1135	2.18776e-19	1
1136	2.23872e-19	1
1137	2.29087e-19	1
1138	2.34423e-19	1
1139	2.39883e-19	1
1140	2.45471e-19	1
1141	2.51189e-19	1
1142	2.5704e-19	1
1143	2.63027e-19	1
1144	2.69153e-19	1
1145	2.75423e-19	1
1146	2.81838e-19	1
1147	2.88403e-19	1
1148	2.95121e-19	1
1149	3.01995e-19	1
1150	3.0903e-19	1
1151	3.16228e-19	1
1152	3.23594e-19	1
1153	3.31131e-19	1
1154	3.38844e-19	1
1155	3.46737e-19	1
1156	3.54813e-19	1
1157	3.63078e-19	1
1158	3.71535e-19	1
1159	3.80189e-19	1
1160	3.89045e-19	1
1161	3.98107e-19	1
1162	4.0738e-19	1
1163	4.16869e-19	1
1164	4.2658e-19	1
1165	4.36516e-19	1
1166	4.46684e-19	1
1167	4.57088e-19	1
1168	4.67735e-19	1
1169	4.7863e-19	1
1170	4.89779e-19	1
1171	5.01187e-19	1
1172	5.12861e-19	1
1173	5.24807e-19	1
1174	5.37032e-19	1
1175	5.49541e-19	1
1176	5.62341e-19	1
1177	5.7544e-19	1
1178	5.88844e-19	1
1179	6.0256e-19	1
1180	6.16595e-19	1
1181	6.30957e-19	1
1182	6.45654e-19	1
1183	6.60693e-19	1
1184	6.76083e-19	1
1185	6.91831e-19	1
1186	7.07946e-19	1
1187	7.24436e-19	1
1188	7.4131e-19	1
1189	7.58578e-19	1
1190	7.76247e-19	1
1191	7.94328e-19	1
1192	8.12831e-19	1
1193	8.31764e-19	1
1194	8.51138e-19	1
1195	8.70964e-19	1
1196	8.91251e-19	1
1197	9.12011e-19	1
1198	9.33254e-19	1
1199	9.54993e-19	1
1200	9.77237e-19	1
1201	1e-18	1
1202	1.02329e-18	1
1203	1.04713e-18	1
1204	1.07152e-18	1
1205	1.09648e-18	1
1206	1.12202e-18	1
1207	1.14815e-18	1
1208	1.1749e-18	1
1209	1.20226e-18	1
1210	1.23027e-18	1
1211	1.25893e-18	1
1212	1.28825e-18	1
1213	1.31826e-18	1
1214	1.34896e-18	1
1215	1.38038e-18	1
1216	1.41254e-18	1
1217	1.44544e-18	1
1218	1.47911e-18	1
1219	1.51356e-18	1
1220	1.54882e-18	1
1221	1.58489e-18	1
1222	1.62181e-18	1
1223	1.65959e-18	1
1224	1.69824e-18	1
1225	1.7378e-18	1
1226	1.77828e-18	1
1227	1.8197e-18	1
1228	1.86209e-18	1
1229	1.90546e-18	1
1230	1.94984e-18	1
1231	1.99526e-18	1
1232	2.04174e-18	1
1233	2.0893e-18	1
1234	2.13796e-18	1
1235	2.18776e-18	1
1236	2.23872e-18	1
1237	2.29087e-18	1
1238	2.34423e-18	1
1239	2.39883e-18	1
1240	2.45471e-18	1
1241	2.51189e-18	1
1242	2.5704e-18	1
1243	2.63027e-18	1
1244	2.69153e-18	1
1245	2.75423e-18	1
1246	2.81838e-18	1
1247	2.88403e-18	1
1248	2.95121e-18	1
1249	3.01995e-18	1
1250	3.0903e-18	1
1251	3.16228e-18	1
1252	3.23594e-18	1
1253	3.31131e-18	1
1254	3.38844e-18	1
1255	3.46737e-18	1
1256	3.54813e-18	1
1257	3.63078e-18	1
1258	3.71535e-18	1
1259	3.80189e-18	1
1260	3.89045e-18	1
1261	3.98107e-18	1
1262	4.0738e-18	1
1263	4.16869e-18	1
1264	4.2658e-18	1
1265	4.36516e-18	1
1266	4.46684e-18	1
1267	4.57088e-18	1
1268	4.67735e-18	1
1269	4.7863e-18	1
1270	4.89779e-18	1
1271	5.01187e-18	1
1272	5.12861e-18	1
1273	5.24807e-18	1
1274	5.37032e-18	1
1275	5.49541e-18	1
1276	5.62341e-18	1
1277	5.7544e-18	1
1278	5.88844e-18	1
1279	6.0256e-18	1
1280	6.16595e-18	1
1281	6.30957e-18	1
1282	6.45654e-18	1
1283	6.60693e-18	1
1284	6.76083e-18	1
1285	6.91831e-18	1
1286	7.07946e-18	1
1287	7.24436e-18	1
1288	7.4131e-18	1
1289	7.58578e-18	1
1290	7.76247e-18	1
1291	7.94328e-18	1
1292	8.12831e-18	1
1293	8.31764e-18	1
1294	8.51138e-18	1
1295	8.70964e-18	1
1296	8.91251e-18	1
1297	9.12011e-18	1
1298	9.33254e-18	1
1299	9.54993e-18	1
1300	9.77237e-18	1
1301	1e-17	1
1302	1.02329e-17	1
1303	1.04713e-17	1
1304	1.07152e-17	1
1305	1.09648e-17	1
1306	1.12202e-17	1
1307	1.14815e-17	1
1308	1.1749e-17	1
1309	1.20226e-17	1
1310	1.23027e-17	1
1311	1.25893e-17	1
1312	1.28825e-17	1
1313	1.31826e-17	1
1314	1.34896e-17	1
1315	1.38038e-17	1
1316	1.41254e-17	1
1317	1.44544e-17	1
1318	1.47911e-17	1
1319	1.51356e-17	1
1320	1.54882e-17	1
1321	1.58489e-17	1
1322	1.62181e-17	1
1323	1.65959e-17	1
1324	1.69824e-17	1
1325	1.7378e-17	1
1326	1.77828e-17	1
1327	1.8197e-17	1
1328	1.86209e-17	1
1329	1.90546e-17	1
1330	1.94984e-17	1
1331	1.99526e-17	1
1332	2.04174e-17	1
1333	2.0893e-17	1
1334	2.13796e-17	1
1335	2.18776e-17	1
1336	2.23872e-17	1
1337	2.29087e-17	1
1338	2.34423e-17	1
1339	2.39883e-17	1
1340	2.45471e-17	1
1341	2.51189e-17	1
1342	2.5704e-17	1
1343	2.63027e-17	1
1344	2.69153e-17	1
1345	2.75423e-17	1
1346	2.81838e-17	1
1347	2.88403e-17	1
1348	2.95121e-17	1
1349	3.01995e-17	1
1350	3.0903e-17	1
1351	3.16228e-17	1
1352	3.23594e-17	1
1353	3.31131e-17	1
1354	3.38844e-17	1
1355	3.46737e-17	1
1356	3.54813e-17	1
1357	3.63078e-17	1
1358	3.71535e-17	1
1359	3.80189e-17	1
1360	3.89045e-17	1
1361	3.98107e-17	1
1362	4.0738e-17	1
1363	4.16869e-17	1
1364	4.2658e-17	1
1365	4.36516e-17	1
1366	4.46684e-17	1
1367	4.57088e-17	1
1368	4.67735e-17	1
1369	4.7863e-17	1
1370	4.89779e-17	1
1371	5.01187e-17	1
1372	5.12861e-17	1
1373	5.24807e-17	1
1374	5.37032e-17	1
1375	5.49541e-17	1
1376	5.62341e-17	0.974287
1377	5.7544e-17	0.929346
1378	5.88844e-17	0.885429
1379	6.0256e-17	0.842512
1380	6.16595e-17	0.800571
1381	6.30957e-17	0.759585
1382	6.45654e-17	0.719532
1383	6.60693e-17	0.680391
1384	6.76083e-17	0.64214
1385	6.91831e-17	0.604761
1386	7.07946e-17	0.568232
1387	7.24436e-17	0.532534
1388	7.4131e-17	0.49765
1389	7.58578e-17	0.463559
1390	7.76247e-17	0.430244
1391	7.94328e-17	0.397688
1392	8.12831e-17	0.365873
1393	8.31764e-17	0.334782
1394	8.51138e-17	0.304398
1395	8.70964e-17	0.274707
1396	8.91251e-17	0.245691
1397	9.12011e-17	0.217335
1398	9.33254e-17	0.189625
1399	9.54993e-17	0.162546
1400	9.77237e-17	0.136083
1401	1e-16	0.110223
1402	1.02329e-16	0.0849513
1403	1.04713e-16	0.0602548
1404	1.07152e-16	0.0361204
1405	1.09648e-16	0.0125354
1406	1.12202e-16	0.0105127
1407	1.14815e-16	0.0330362
1408	1.1749e-16	0.055047
1409	1.20226e-16	0.0765567
1410	1.23027e-16	0.0975768
1411	1.25893e-16	0.118119
1412	1.28825e-16	0.138193
1413	1.31826e-16	0.15781
1414	1.34896e-16	0.17698
1415	1.38038e-16	0.195715
1416	1.41254e-16	0.214022
1417	1.44544e-16	0.231913
1418	1.47911e-16	0.249397
1419	1.51356e-16	0.266483
1420	1.54882e-16	0.28318
1421	1.58489e-16	0.299497
1422	1.62181e-16	0.315442
1423	1.65959e-16	0.331024
1424	1.69824e-16	0.307496
1425	1.7378e-16	0.277733
1426	1.77828e-16	0.248649
1427	1.8197e-16	0.220226
1428	1.86209e-16	0.19245
1429	1.90546e-16	0.165307
1430	1.94984e-16	0.138781
1431	1.99526e-16	0.112859
1432	2.04174e-16	0.0875274
1433	2.0893e-16	0.0627723
1434	2.13796e-16	0.0385806
1435	2.18776e-16	0.0149397
1436	2.23872e-16	0.00816318
1437	2.29087e-16	0.0307401
1438	2.34423e-16	0.0528032
1439	2.39883e-16	0.074364
1440	2.45471e-16	0.0954341
1441	2.51189e-16	0.116025
1442	2.5704e-16	0.136146
1443	2.63027e-16	0.15581
1444	2.69153e-16	0.175026
1445	2.75423e-16	0.193805
1446	2.81838e-16	0.181766
1447	2.88403e-16	0.154866
1448	2.95121e-16	0.128578
1449	3.01995e-16	0.102888
1450	3.0903e-16	0.0777834
1451	3.16228e-16	0.05325
1452	3.23594e-16	0.0292751
1453	3.31131e-16	0.00584598
1454	3.38844e-16	0.0170499
1455	3.46737e-16	0.0394245
1456	3.54813e-16	0.0612899
1457	3.63078e-16	0.0826576
1458	3.71535e-16	0.103539
1459	3.80189e-16	0.123945
1460	3.89045e-16	0.141485
1461	3.98107e-16	0.115502
1462	4.0738e-16	0.0901097
1463	4.16869e-16	0.0652958
1464	4.2658e-16	0.0410467
1465	4.36516e-16	0.0173496
1466	4.46684e-16	0.0058081
1467	4.57088e-16	0.0284387
1468	4.67735e-16	0.0505541
1469	4.7863e-16	0.0721661
1470	4.89779e-16	0.0932862
1471	5.01187e-16	0.107593
1472	5.12861e-16	0.0823812
1473	5.24807e-16	0.0577432
1474	5.37032e-16	0.033666
1475	5.49541e-16	0.0101369
1476	5.62341e-16	0.0128566
1477	5.7544e-16	0.0353268
1478	5.88844e-16	0.0572854
1479	6.0256e-16	0.0787442
1480	6.16595e-16	0.0803425
1481	6.30957e-16	0.0557509
1482	6.45654e-16	0.0317191
1483	6.60693e-16	0.00823433
1484	6.76083e-16	0.0147159
1485	6.91831e-16	0.0371437
1486	7.07946e-16	0.059061
1487	7.24436e-16	0.0727741
1488	7.4131e-16	0.0483548
1489	7.58578e-16	0.0244913
1490	7.76247e-16	0.00117102
1491	7.94328e-16	0.0216184
1492	8.12831e-16	0.0438891
1493	8.31764e-16	0.0656528
1494	8.51138e-16	0.0435187
1495	8.70964e-16	0.0197653
1496	8.91251e-16	0.00344742
1497	9.12011e-16	0.0261317
1498	9.33254e-16	0.0482997
1499	9.54993e-16	0.0462916
1500	9.77237e-16	0.0224751
1501	1e-15	0.000799278
1502	1.02329e-15	0.0235439
1503	1.04713e-15	0.0457707
1504	1.07152e-15	0.0361204
1505	1.09648e-15	0.0125354
1506	1.12202e-15	0.0105127
1507	1.14815e-15	0.0330362
1508	1.1749e-15	0.0394484
1509	1.20226e-15	0.0157876
1510	1.23027e-15	0.00733453
1511	1.25893e-15	0.0299304
1512	1.28825e-15	0.0341689
1513	1.31826e-15	0.0106283
1514	1.34896e-15	0.0123764
1515	1.38038e-15	0.0348574
1516	1.41254e-15	0.021771
1517	1.44544e-15	0.00148733
1518	1.47911e-15	0.0242162
1519	1.51356e-15	0.0269239
1520	1.54882e-15	0.00354827
1521	1.58489e-15	0.0192953
1522	1.62181e-15	0.026837
1523	1.65959e-15	0.00346329
1524	1.69824e-15	0.0193783
1525	1.7378e-15	0.0221867
1526	1.77828e-15	0.00108114
1527	1.8197e-15	0.0238193
1528	1.86209e-15	0.0135826
1529	1.90546e-15	0.00948935
1530	1.94984e-15	0.0249029
1531	1.99526e-15	0.00157329
1532	2.04174e-15	0.0212253
1533	2.0893e-15	0.00963368
1534	2.13796e-15	0.0133484
1535	2.18776e-15	0.0149397
1536	2.23872e-15	0.00816318
1537	2.29087e-15	0.0177228
1538	2.34423e-15	0.00544335
1539	2.39883e-15	0.0181996
1540	2.45471e-15	0.00497748
1541	2.51189e-15	0.0165718
1542	2.5704e-15	0.00656818
1543	2.63027e-15	0.0130281
1544	2.69153e-15	0.0100313
1545	2.75423e-15	0.00774404
1546	2.81838e-15	0.015195
1547	2.88403e-15	0.000883611
1548	2.95121e-15	0.01572
1549	3.01995e-15	0.00740063
1550	3.0903e-15	0.00593116
1551	3.16228e-15	0.0169666
1552	3.23594e-15	0.00503403
1553	3.31131e-15	0.00584598
1554	3.38844e-15	0.0157151
1555	3.46737e-15	0.00740536
1556	3.54813e-15	0.00129076
1557	3.63078e-15	0.00907668
1558	3.71535e-15	0.0138927
1559	3.80189e-15	0.00713741
1560	3.89045e-15	0.0012006
1561	3.98107e-15	0.00395149
1562	4.0738e-15	0.00835151
1563	4.16869e-15	0.012031
1564	4.2658e-15	0.0110056
1565	4.36516e-15	0.00808413
1566	4.46684e-15	0.0058081
1567	4.57088e-15	0.00414964
1568	4.67735e-15	0.00308181
1569	4.7863e-15	0.00257859
1570	4.89779e-15	0.00261483
1571	5.01187e-15	0.00316623
1572	5.12861e-15	0.00420931
1573	5.24807e-15	0.00572141
1574	5.37032e-15	0.00768063
1575	5.49541e-15	0.0100658
1576	5.62341e-15	0.00688624
1577	5.7544e-15	0.00326018
1578	5.88844e-15	0.000722522
1579	6.0256e-15	0.00504374
1580	6.16595e-15	0.00831971
1581	6.30957e-15	0.0029634
1582	6.45654e-15	0.00267151
1583	6.60693e-15	0.00823433
1584	6.76083e-15	0.00170551
1585	6.91831e-15	0.00504848
1586	7.07946e-15	0.00366829
1587	7.24436e-15	0.00385264
1588	7.4131e-15	0.00342527
1589	7.58578e-15	0.00477989
1590	7.76247e-15	0.00117102
1591	7.94328e-15	0.00633534
1592	8.12831e-15	0.00291292
1593	8.31764e-15	0.00108624
1594	8.51138e-15	0.0043867
1595	8.70964e-15	0.00572886
1596	8.91251e-15	0.00344742
1597	9.12011e-15	0.00178502
1598	9.33254e-15	0.000714661
1599	9.54993e-15	0.000210248
1600	9.77237e-15	0.000246572
1601	1e-14	0.000799278
1602	1.02329e-14	0.00184484
1603	1.04713e-14	0.00336053
1604	1.07152e-14	0.0050368
1605	1.09648e-14	0.00241008
1606	1.12202e-14	0.000617815
1607	1.14815e-14	0.00402725
1608	1.1749e-14	0.00165023
1609	1.20226e-14	0.00268125
1610	1.23027e-14	0.0016897
1611	1.25893e-14	0.00347391
1612	1.28825e-14	0.000303391
1613	1.31826e-14	0.00220644
1614	1.34896e-14	0.00408403
1615	1.38038e-14	0.002686
1616	1.41254e-14	0.00180831
1617	1.44544e-14	0.00148733
1618	1.47911e-14	0.00169816
1619	1.51356e-14	0.00241677
1620	1.54882e-14	0.00354827
1621	1.58489e-14	0.00171982
1622	1.62181e-14	0.000545367
1623	1.65959e-14	0.00322647
1624	1.69824e-14	0.00023411
1625	1.7378e-14	0.00302067
1626	1.77828e-14	0.00108114
1627	1.8197e-14	0.000585207
1628	1.86209e-14	0.00165811
1629	1.90546e-14	0.00216372
1630	1.94984e-14	0.00212731
1631	1.99526e-14	0.00157329
1632	2.04174e-14	0.000525249
1633	2.0893e-14	0.00099404
1634	2.13796e-14	0.00223032
1635	2.18776e-14	0.00028443
1636	2.23872e-14	0.00175519
1637	2.29087e-14	0.00166235
1638	2.34423e-14	0.000707368
1639	2.39883e-14	0.000313146
1640	2.45471e-14	0.000454649
1641	2.51189e-14	0.00110769
1642	2.5704e-14	0.00207036
1643	2.63027e-14	0.000365201
1644	2.69153e-14	0.00178154
1645	2.75423e-14	0.000317912
1646	2.81838e-14	0.000561865
1647	2.88403e-14	0.000883611
1648	2.95121e-14	0.000672273
1649	3.01995e-14	4.80449e-05
1650	3.0903e-14	0.00125406
1651	3.16228e-14	0.000587539
1652	3.23594e-14	0.00160311
1653	3.31131e-14	0.00085966
1654	3.38844e-14	0.000667368
1655	3.46737e-14	0.00100153
1656	3.54813e-14	0.00129076
1657	3.63078e-14	9.67443e-05
1658	3.71535e-14	0.00104831
1659	3.80189e-14	0.00129704
1660	3.89045e-14	0.0012006
1661	3.98107e-14	0.00116274
1662	4.0738e-14	0.000175689
1663	4.16869e-14	0.00128517
1664	4.2658e-14	0.000595147
1665	4.36516e-14	0.000454012
1666	4.46684e-14	0.000837139
1667	4.57088e-14	0.000708171
1668	4.67735e-14	0.000708195
1669	4.7863e-14	0.000259007
1670	4.89779e-14	0.000348046
1671	5.01187e-14	0.000951041
1672	5.12861e-14	0.000120215
1673	5.24807e-14	0.000625049
1674	5.37032e-14	0.000588694
1675	5.49541e-14	3.55266e-05
1676	5.62341e-14	0.00096338
1677	5.7544e-14	0.000598517
1678	5.88844e-14	0.000722522
1679	6.0256e-14	0.000483797
1680	6.16595e-14	0.000683144
1681	6.30957e-14	0.000555769
1682	6.45654e-14	0.000767549
1683	6.60693e-14	0.000167624
1684	6.76083e-14	6.33748e-05
1685	6.91831e-14	0.0002342
1686	7.07946e-14	0.000531828
1687	7.24436e-14	0.000744959
1688	7.4131e-14	0.000429967
1689	7.58578e-14	0.000389214
1690	7.76247e-14	0.000259225
1691	7.94328e-14	0.000653095
1692	8.12831e-14	0.000181172
1693	8.31764e-14	0.000248539
1694	8.51138e-14	0.000473509
1695	8.70964e-14	0.000630036
1696	8.91251e-14	0.00028965
1697	9.12011e-14	0.000567686
1698	9.33254e-14	0.000474965
1699	9.54993e-14	0.000210248
1700	9.77237e-14	0.000246572
1701	1e-13	0.000310945
1702	1.02329e-13	0.000325065
1703	1.04713e-13	0.000179764
1704	1.07152e-13	0.000143802
1705	1.09648e-13	0.000385007
1706	1.12202e-13	0.000371673
1707	1.14815e-13	0.000159399
1708	1.1749e-13	0.000239676
1709	1.20226e-13	8.90828e-05
1710	1.23027e-13	0.000115145
1711	1.25893e-13	5.36157e-05
1712	1.28825e-13	0.000303391
1713	1.31826e-13	0.000320126
1714	1.34896e-13	3.10666e-05
1715	1.38038e-13	0.000273145
1716	1.41254e-13	0.000236353
1717	1.44544e-13	4.88483e-05
1718	1.47911e-13	0.000196956
1719	1.51356e-13	0.000216222
1720	1.54882e-13	3.58335e-05
1721	1.58489e-13	0.000318814
1722	1.62181e-13	0.000139191
1723	1.65959e-13	0.000118412
1724	1.69824e-13	0.00023411
1725	1.7378e-13	0.000173665
1726	1.77828e-13	0.000167508
1727	1.8197e-13	2.49059e-05
1728	1.86209e-13	0.000130566
1729	1.90546e-13	0.000166893
1730	1.94984e-13	0.000150252
1731	1.99526e-13	9.59973e-05
1732	2.04174e-13	1.85148e-05
1733	2.0893e-13	6.8732e-05
1734	2.13796e-13	0.000153163
1735	2.18776e-13	0.00022304
1736	2.23872e-13	0.000228488
1737	2.29087e-13	0.000208459
1738	2.34423e-13	0.00023377
1739	2.39883e-13	0.000149672
1740	2.45471e-13	2.36616e-06
1741	2.51189e-13	0.000218271
1742	2.5704e-13	8.92784e-05
1743	2.63027e-13	5.6894e-05
1744	2.69153e-13	0.000131595
1745	2.75423e-13	8.51856e-05
1746	2.81838e-13	0.000167943
1747	2.88403e-13	0.0001137
1748	2.95121e-13	8.0112e-05
1749	3.01995e-13	4.80449e-05
1750	3.0903e-13	0.000176279
1751	3.16228e-13	0.000114628
1752	3.23594e-13	0.000112347
1753	3.31131e-13	0.000146186
1754	3.38844e-13	1.20676e-05
1755	3.46737e-13	4.09528e-05
1756	3.54813e-13	3.91458e-05
1757	3.63078e-13	9.67443e-05
1758	3.71535e-13	0.000146971
1759	3.80189e-13	0.000128969
1760	3.89045e-13	5.91118e-05
1761	3.98107e-13	4.72387e-05
1762	4.0738e-13	9.68384e-05
1763	4.16869e-13	4.64469e-05
1764	4.2658e-13	7.46232e-05
1765	4.36516e-13	5.46625e-05
1766	4.46684e-13	9.14951e-05
1767	4.57088e-13	2.05002e-05
1768	4.67735e-13	3.88893e-06
1769	4.7863e-13	2.70489e-05
1770	4.89779e-13	0.000105311
1771	5.01187e-13	6.49664e-05
1772	5.12861e-13	9.62617e-05
1773	5.24807e-13	9.59687e-06
1774	5.37032e-13	3.15053e-05
1775	5.49541e-13	3.55266e-05
1776	5.62341e-13	2.37635e-05
1777	5.7544e-13	1.9713e-05
1778	5.88844e-13	3.165e-05
1779	6.0256e-13	6.89568e-05
1780	6.16595e-13	3.70843e-05
1781	6.30957e-13	2.78935e-05
1782	6.45654e-13	7.97363e-05
1783	6.60693e-13	4.14636e-07
1784	6.76083e-13	6.33748e-05
1785	6.91831e-13	7.37236e-05
1786	7.07946e-13	6.13584e-05
1787	7.24436e-13	2.13083e-05
1788	7.4131e-13	1.93276e-05
1789	7.58578e-13	4.98534e-05
1790	7.76247e-13	2.68242e-05
1791	7.94328e-13	4.57486e-05
1792	8.12831e-13	4.45847e-05
1793	8.31764e-13	1.84174e-05
1794	8.51138e-13	4.82501e-05
1795	8.70964e-13	7.31703e-06
1796	8.91251e-13	4.05116e-05
1797	9.12011e-13	4.09813e-05
1798	9.33254e-13	8.85393e-07
1799	9.54993e-13	2.22617e-05
1800	9.77237e-13	1.93553e-05
1801	1e-12	2.21217e-05
1802	1.02329e-12	4.20684e-07
1803	1.04713e-12	3.22871e-05
1804	1.07152e-12	4.01898e-05
1805	1.09648e-12	2.00068e-05
1806	1.12202e-12	2.41223e-05
1807	1.14815e-12	3.39942e-05
1808	1.1749e-12	4.38098e-05
1809	1.20226e-12	3.26155e-06
1810	1.23027e-12	2.49029e-05
1811	1.25893e-12	3.45725e-05
1812	1.28825e-12	4.13321e-05
1813	1.31826e-12	1.67501e-05
1814	1.34896e-12	3.10666e-05
1815	1.38038e-12	3.18593e-05
1816	1.41254e-12	5.59554e-07
1817	1.44544e-12	2.79603e-05
1818	1.47911e-12	2.82248e-05
1819	1.51356e-12	3.83271e-06
1820	1.54882e-12	3.58335e-05
1821	1.58489e-12	3.14373e-05
1822	1.62181e-12	2.27956e-06
1823	1.65959e-12	1.53835e-05
1824	1.69824e-12	2.73895e-05
1825	1.7378e-12	1.7995e-05
1826	1.77828e-12	1.97896e-05
1827	1.8197e-12	2.49059e-05
1828	1.86209e-12	1.13205e-05
1829	1.90546e-12	7.90318e-06
1830	1.94984e-12	2.05649e-05
1831	1.99526e-12	1.52887e-05
1832	2.04174e-12	1.85148e-05
1833	2.0893e-12	1.55934e-05
1834	2.13796e-12	2.62445e-06
1835	2.18776e-12	2.00517e-05
1836	2.23872e-12	1.94712e-05
1837	2.29087e-12	1.46075e-05
1838	2.34423e-12	3.02922e-06
1839	2.39883e-12	1.08262e-05
1840	2.45471e-12	2.36616e-06
1841	2.51189e-12	2.72237e-06
1842	2.5704e-12	2.893e-06
1843	2.63027e-12	1.46845e-05
1844	2.69153e-12	7.8488e-06
1845	2.75423e-12	4.56613e-06
1846	2.81838e-12	1.03744e-05
1847	2.88403e-12	1.78641e-06
1848	2.95121e-12	4.87346e-06
1849	3.01995e-12	1.1282e-05
1850	3.0903e-12	3.35131e-06
1851	3.16228e-12	9.30314e-06
1852	3.23594e-12	9.4194e-06
1853	3.31131e-12	1.20733e-05
1854	3.38844e-12	1.20676e-05
1855	3.46737e-12	8.93367e-06
1856	3.54813e-12	7.85542e-06
1857	3.63078e-12	5.01001e-06
1858	3.71535e-12	2.43878e-06
1859	3.80189e-12	1.21617e-05
1860	3.89045e-12	2.03756e-06
1861	3.98107e-12	8.53635e-06
1862	4.0738e-12	1.21725e-05
1863	4.16869e-12	6.81792e-06
1864	4.2658e-12	3.45528e-06
1865	4.36516e-12	3.79501e-06
1866	4.46684e-12	7.92413e-06
1867	4.57088e-12	3.78889e-06
1868	4.67735e-12	3.88893e-06
1869	4.7863e-12	3.85303e-06
1870	4.89779e-12	8.02822e-06
1871	5.01187e-12	1.48922e-06
1872	5.12861e-12	9.67122e-06
1873	5.24807e-12	9.59687e-06
1874	5.37032e-12	9.84132e-06
1875	5.49541e-12	4.87885e-06
1876	5.62341e-12	4.02066e-06
1877	5.7544e-12	4.19578e-07
1878	5.88844e-12	6.05857e-06
1879	6.0256e-12	4.74362e-06
1880	6.16595e-12	1.07292e-06
1881	6.30957e-12	7.29824e-06
1882	6.45654e-12	6.24028e-06
1883	6.60693e-12	4.14639e-07
1884	6.76083e-12	2.31083e-06
1885	6.91831e-12	6.51442e-06
1886	7.07946e-12	1.37087e-06
1887	7.24436e-12	5.98296e-06
1888	7.4131e-12	4.35111e-06
1889	7.58578e-12	5.94667e-06
1890	7.76247e-12	1.78071e-06
1891	7.94328e-12	3.81795e-06
1892	8.12831e-12	3.60855e-06
1893	8.31764e-12	5.06961e-06
1894	8.51138e-12	3.9258e-06
1895	8.70964e-12	5.43004e-06
1896	8.91251e-12	3.14092e-06
1897	9.12011e-12	4.46123e-06
1898	9.33254e-12	8.85389e-07
1899	9.54993e-12	9.89217e-07
1900	9.77237e-12	3.36641e-06
1901	1e-11	8.27454e-08
1902	1.02329e-11	4.2068e-07
1903	1.04713e-11	4.79493e-07
1904	1.07152e-11	1.255e-06
1905	1.09648e-11	2.43911e-07
1906	1.12202e-11	4.3325e-06
1907	1.14815e-11	4.68434e-06
1908	1.1749e-11	3.43785e-06
1909	1.20226e-11	3.26155e-06
1910	1.23027e-11	2.16983e-06
1911	1.25893e-11	7.02788e-07
1912	1.28825e-11	1.75825e-06
1913	1.31826e-11	9.37361e-08
1914	1.34896e-11	1.85421e-06
1915	1.38038e-11	3.12119e-07
1916	1.41254e-11	5.59548e-07
1917	1.44544e-11	2.76313e-06
1918	1.47911e-11	1.79931e-06
1919	1.51356e-11	3.50246e-06
1920	1.54882e-11	7.49142e-09
1921	1.58489e-11	3.41719e-06
1922	1.62181e-11	2.27957e-06
1923	1.65959e-11	2.00396e-06
1924	1.69824e-11	1.23955e-06
1925	1.7378e-11	1.17101e-06
1926	1.77828e-11	1.0599e-06
1927	1.8197e-11	5.01353e-07
1928	1.86209e-11	6.04008e-07
1929	1.90546e-11	2.07666e-06
1930	1.94984e-11	2.21069e-06
1931	1.99526e-11	1.40422e-06
1932	2.04174e-11	2.20189e-06
1933	2.0893e-11	3.48194e-07
1934	2.13796e-11	2.56846e-06
1935	2.18776e-11	2.47065e-07
1936	2.23872e-11	3.65525e-07
1937	2.29087e-11	6.85501e-08
1938	2.34423e-11	1.70676e-06
1939	2.39883e-11	1.56987e-06
1940	2.45471e-11	2.15668e-06
1941	2.51189e-11	1.69752e-06
1942	2.5704e-11	1.42628e-06
1943	2.63027e-11	2.02167e-06
1944	2.69153e-11	4.00949e-07
1945	2.75423e-11	5.35162e-07
1946	2.81838e-11	1.44324e-06
1947	2.88403e-11	1.78639e-06
1948	2.95121e-11	1.11152e-06
1949	3.01995e-11	2.53111e-07
1950	3.0903e-11	2.41288e-07
1951	3.16228e-11	1.22937e-06
1952	3.23594e-11	8.73336e-07
1953	3.31131e-11	1.33797e-06
1954	3.38844e-11	1.03845e-06
1955	3.46737e-11	6.72104e-07
1956	3.54813e-11	1.53167e-06
1957	3.63078e-11	1.10562e-06
1958	3.71535e-11	5.49403e-07
1959	3.80189e-11	4.80993e-07
1960	3.89045e-11	8.16166e-07
1961	3.98107e-11	1.70071e-07
1962	4.0738e-11	1.27146e-06
1963	4.16869e-11	1.17181e-06
1964	4.2658e-11	8.52681e-07
1965	4.36516e-11	1.25166e-06
1966	4.46684e-11	4.67708e-07
1967	4.57088e-11	1.0689e-06
1968	4.67735e-11	8.5828e-07
1969	4.7863e-11	7.86162e-07
1970	4.89779e-11	1.03894e-06
1971	5.01187e-11	7.25939e-07
1972	5.12861e-11	1.01215e-06
1973	5.24807e-11	9.80587e-07
1974	5.37032e-11	4.95314e-07
1975	5.49541e-11	8.38277e-07
1976	5.62341e-11	7.20658e-08
1977	5.7544e-11	4.19552e-07
1978	5.88844e-11	4.0226e-07
1979	6.0256e-11	7.8389e-07
1980	6.16595e-11	7.27624e-07
1981	6.30957e-11	2.59927e-07
1982	6.45654e-11	6.37879e-07
1983	6.60693e-11	4.14668e-07
1984	6.76083e-11	6.68661e-07
1985	6.91831e-11	9.54107e-08
1986	7.07946e-11	1.97397e-07
1987	7.24436e-11	1.47206e-07
1988	7.4131e-11	1.41868e-07
1989	7.58578e-11	9.24666e-08
1990	7.76247e-11	3.50427e-07
1991	7.94328e-11	3.75076e-07
1992	8.12831e-11	4.89102e-07
1993	8.31764e-11	2.69477e-07
1994	8.51138e-11	1.26459e-08
1995	8.70964e-11	3.31171e-07
1996	8.91251e-11	5.96111e-07
1997	9.12011e-11	4.08074e-07
1998	9.33254e-11	3.04279e-07
1999	9.54993e-11	1.73372e-07
2000	9.77237e-11	4.17929e-08
2001	1e-10	8.27904e-08
2002	1.02329e-10	4.20634e-07
2003	1.04713e-10	4.7954e-07
2004	1.07152e-10	2.18926e-07
2005	1.09648e-10	2.4396e-07
2006	1.12202e-10	3.74504e-07
2007	1.14815e-10	1.50529e-07
2008	1.1749e-10	3.42014e-07
2009	1.20226e-10	4.32279e-07
2010	1.23027e-10	3.65038e-07
2011	1.25893e-10	1.79037e-07
2012	1.28825e-10	3.45743e-08
2013	1.31826e-10	9.36768e-08
2014	1.34896e-10	2.08229e-07
2015	1.38038e-10	3.12181e-07
2016	1.41254e-10	2.26494e-07
2017	1.44544e-10	3.09147e-07
2018	1.47911e-10	2.98035e-07
2019	1.51356e-10	1.65196e-07
2020	1.54882e-10	7.56112e-09
2021	1.58489e-10	8.5402e-08
2022	1.62181e-10	2.25967e-07
2023	1.65959e-10	3.03654e-09
2024	1.69824e-10	6.80209e-08
2025	1.7378e-10	1.06803e-07
2026	1.77828e-10	1.88833e-07
2027	1.8197e-10	1.08842e-07
2028	1.86209e-10	7.86713e-09
2029	1.90546e-10	2.5387e-07
2030	1.94984e-10	6.69552e-08
2031	1.99526e-10	2.65161e-07
2032	2.04174e-10	2.67383e-08
2033	2.0893e-10	1.83286e-07
2034	2.13796e-10	2.78947e-08
2035	2.18776e-10	2.46967e-07
2036	2.23872e-10	1.30495e-07
2037	2.29087e-10	6.8447e-08
2038	2.34423e-10	1.87743e-07
2039	2.39883e-10	1.81524e-07
2040	2.45471e-10	1.04624e-07
2041	2.51189e-10	7.03223e-08
2042	2.5704e-10	1.30616e-07
2043	2.63027e-10	8.89247e-08
2044	2.69153e-10	1.14167e-08
2045	2.75423e-10	1.32189e-07
2046	2.81838e-10	1.32575e-07
2047	2.88403e-10	1.38512e-07
2048	2.95121e-10	1.71885e-08
2049	3.01995e-10	1.14654e-07
2050	3.0903e-10	1.18112e-07
2051	3.16228e-10	1.7482e-07
2052	3.23594e-10	1.56085e-07
2053	3.31131e-10	3.30396e-09
2054	3.38844e-10	5.56568e-08
2055	3.46737e-10	3.18764e-08
2056	3.54813e-10	3.30082e-08
2057	3.63078e-10	1.17342e-07
2058	3.71535e-10	4.84052e-08
2059	3.80189e-10	1.03214e-07
2060	3.89045e-10	3.97726e-08
2061	3.98107e-10	1.08984e-07
2062	4.0738e-10	9.09931e-08
2063	4.16869e-10	1.06706e-07
2064	4.2658e-10	7.20878e-08
2065	4.36516e-10	1.98328e-08
2066	4.46684e-10	2.91866e-08
2067	4.57088e-10	9.7134e-08
2068	4.67735e-10	9.13763e-08
2069	4.7863e-10	9.05025e-08
2070	4.89779e-10	9.42355e-08
2071	5.01187e-10	6.11573e-08
2072	5.12861e-10	7.04656e-08
2073	5.24807e-10	7.69199e-08
2074	5.37032e-10	8.16058e-08
2075	5.49541e-10	2.99203e-08
2076	5.62341e-10	7.18128e-08
2077	5.7544e-10	3.3424e-08
2078	5.88844e-10	2.49096e-08
2079	6.0256e-10	4.66139e-08
2080	6.16595e-10	7.11793e-09
2081	6.30957e-10	8.4252e-08
2082	6.45654e-10	4.96436e-08
2083	6.60693e-10	7.88876e-08
2084	6.76083e-10	1.15008e-08
2085	6.91831e-10	6.4754e-08
2086	7.07946e-10	4.08925e-08
2087	7.24436e-10	5.72118e-09
2088	7.4131e-10	7.56352e-09
2089	7.58578e-10	5.35479e-08
2090	7.76247e-10	6.4029e-08
2091	7.94328e-10	4.45881e-08
2092	8.12831e-10	5.68816e-08
2093	8.31764e-10	2.14644e-09
2094	8.51138e-10	1.30289e-08
2095	8.70964e-10	5.16329e-08
2096	8.91251e-10	2.71351e-08
2097	9.12011e-10	4.24626e-08
2098	9.33254e-10	5.21889e-08
2099	9.54993e-10	5.75474e-08
2100	9.77237e-10	4.13531e-08
2101	1e-09	2.77819e-08
2102	1.02329e-09	1.38074e-08
2103	1.04713e-09	5.01165e-08
2104	1.07152e-09	1.21842e-08
2105	1.09648e-09	4.19467e-08
2106	1.12202e-09	2.1796e-08
2107	1.14815e-09	4.2347e-08
2108	1.1749e-09	3.54387e-08
2109	1.20226e-09	2.89017e-08
2110	1.23027e-09	4.62258e-09
2111	1.25893e-09	2.0944e-09
2112	1.28825e-09	3.39946e-08
2113	1.31826e-09	8.86458e-09
2114	1.34896e-09	3.80694e-08
2115	1.38038e-09	8.91195e-09
2116	1.41254e-09	8.66414e-09
2117	1.44544e-09	1.26169e-09
2118	1.47911e-09	2.87203e-09
2119	1.51356e-09	1.9174e-08
2120	1.54882e-09	8.25809e-09
2121	1.58489e-09	1.60648e-08
2122	1.62181e-09	2.13297e-08
2123	1.65959e-09	3.78335e-09
2124	1.69824e-09	3.41037e-09
2125	1.7378e-09	2.01881e-08
2126	1.77828e-09	2.33608e-09
2127	1.8197e-09	1.23615e-08
2128	1.86209e-09	8.70507e-09
2129	1.90546e-09	1.99515e-08
2130	1.94984e-09	1.08936e-08
2131	1.99526e-09	1.21564e-08
2132	2.04174e-09	2.58195e-08
2133	2.0893e-09	2.48103e-08
2134	2.13796e-09	2.49964e-08
2135	2.18776e-09	7.75243e-09
2136	2.23872e-09	1.72735e-08
2137	2.29087e-09	1.89531e-08
2138	2.34423e-09	6.41387e-10
2139	2.39883e-09	2.52352e-09
2140	2.45471e-09	1.30632e-08
2141	2.51189e-09	1.92056e-08
2142	2.5704e-09	2.19462e-09
2143	2.63027e-09	5.68934e-09
2144	2.69153e-09	1.02055e-08
2145	2.75423e-09	1.24988e-08
2146	2.81838e-09	1.56668e-08
2147	2.88403e-09	1.41722e-08
2148	2.95121e-09	1.85166e-08
2149	3.01995e-09	5.72452e-09
2150	3.0903e-09	1.17242e-08
2151	3.16228e-09	2.14453e-09
2152	3.23594e-09	1.40049e-08
2153	3.31131e-09	4.79405e-09
2154	3.38844e-09	8.34837e-09
2155	3.46737e-09	1.41756e-09
2156	3.54813e-09	3.31456e-09
2157	3.63078e-09	6.60451e-09
2158	3.71535e-09	9.68697e-09
2159	3.80189e-09	1.1882e-08
2160	3.89045e-09	9.48477e-09
2161	3.98107e-09	7.74934e-10
2162	4.0738e-09	7.40165e-09
2163	4.16869e-09	2.05283e-09
2164	4.2658e-09	4.07108e-09
2165	4.36516e-09	7.56531e-09
2166	4.46684e-09	2.32177e-09
2167	4.57088e-09	2.07898e-09
2168	4.67735e-09	1.46343e-09
2169	4.7863e-09	1.27097e-10
2170	4.89779e-09	1.36007e-09
2171	5.01187e-09	7.55362e-09
2172	5.12861e-09	7.83064e-09
2173	5.24807e-09	1.00612e-08
2174	5.37032e-09	3.50416e-09
2175	5.49541e-09	7.24459e-09
2176	5.62341e-09	9.68922e-09
2177	5.7544e-09	7.75238e-09
2178	5.88844e-09	3.4055e-09
2179	6.0256e-09	7.05211e-09
2180	6.16595e-09	4.34326e-09
2181	6.30957e-09	8.87921e-10
2182	6.45654e-09	4.84784e-09
2183	6.60693e-09	2.15886e-09
2184	6.76083e-09	7.96302e-09
2185	6.91831e-09	2.54961e-09
2186	7.07946e-09	2.96872e-09
2187	7.24436e-09	2.46122e-09
2188	7.4131e-09	4.22762e-09
2189	7.58578e-09	6.22753e-09
2190	7.76247e-09	3.32617e-09
2191	7.94328e-09	6.23194e-09
2192	8.12831e-09	1.41108e-09
2193	8.31764e-09	1.5965e-09
2194	8.51138e-09	3.81504e-09
2195	8.70964e-09	4.564e-09
2196	8.91251e-09	6.22498e-09
2197	9.12011e-09	1.83853e-09
2198	9.33254e-09	4.04207e-10
2199	9.54993e-09	3.71757e-09
2200	9.77237e-09	2.87307e-09
2201	1e-08	1.07747e-09
2202	1.02329e-08	3.2868e-09
2203	1.04713e-08	2.99428e-09
2204	1.07152e-08	3.71641e-09
2205	1.09648e-08	3.74592e-09
2206	1.12202e-08	2.83956e-09
2207	1.14815e-08	1.49822e-09
2208	1.1749e-08	1.8031e-09
2209	1.20226e-08	4.21176e-09
2210	1.23027e-08	1.13456e-09
2211	1.25893e-08	3.57077e-09
2212	1.28825e-08	2.34323e-09
2213	1.31826e-08	2.93242e-09
2214	1.34896e-08	9.21719e-10
2215	1.38038e-08	2.70023e-09
2216	1.41254e-08	2.30772e-09
2217	1.44544e-08	2.43807e-09
2218	1.47911e-08	2.02199e-09
2219	1.51356e-08	3.35569e-09
2220	1.54882e-08	8.91356e-10
2221	1.58489e-08	2.18175e-09
2222	1.62181e-08	1.24548e-09
2223	1.65959e-08	2.12802e-09
2224	1.69824e-08	2.02249e-09
2225	1.7378e-08	4.09314e-10
2226	1.77828e-08	2.14814e-09
2227	1.8197e-08	1.92825e-09
2228	1.86209e-08	8.02291e-10
2229	1.90546e-08	2.76121e-10
2230	1.94984e-08	2.58621e-09
2231	1.99526e-08	2.38659e-09
2232	2.04174e-08	3.18782e-10
2233	2.0893e-08	2.32893e-09
2234	2.13796e-08	1.73312e-09
2235	2.18776e-08	2.37326e-09
2236	2.23872e-08	2.24011e-09
2237	2.29087e-08	1.04836e-09
2238	2.34423e-08	4.35675e-10
2239	2.39883e-08	9.85127e-10
2240	2.45471e-08	2.01698e-09
2241	2.51189e-08	4.30018e-10
2242	2.5704e-08	8.0359e-10
2243	2.63027e-08	6.41745e-10
2244	2.69153e-08	1.90639e-09
2245	2.75423e-08	7.07e-10
2246	2.81838e-08	7.74991e-10
2247	2.88403e-08	1.19407e-09
2248	2.95121e-08	1.70163e-09
2249	3.01995e-08	9.32836e-10
2250	3.0903e-08	4.82291e-10
2251	3.16228e-08	1.17939e-09
2252	3.23594e-08	5.56844e-10
2253	3.31131e-08	4.21971e-10
2254	3.38844e-08	3.46613e-10
2255	3.46737e-08	1.01113e-09
2256	3.54813e-08	5.06958e-10
2257	3.63078e-08	1.51944e-09
2258	3.71535e-08	1.0557e-09
2259	3.80189e-08	6.13872e-10
2260	3.89045e-08	5.3888e-10
2261	3.98107e-08	4.07364e-10
2262	4.0738e-08	2.93692e-11
2263	4.16869e-08	4.93965e-10
2264	4.2658e-08	4.90707e-10
2265	4.36516e-08	7.68594e-10
2266	4.46684e-08	3.80636e-10
2267	4.57088e-08	7.8782e-10
2268	4.67735e-08	5.95729e-10
2269	4.7863e-08	5.34995e-10
2270	4.89779e-08	2.78914e-10
2271	5.01187e-08	9.05559e-10
2272	5.12861e-08	6.02731e-10
2273	5.24807e-08	1.70261e-10
2274	5.37032e-08	7.95276e-10
2275	5.49541e-08	6.97717e-10
2276	5.62341e-08	5.42584e-10
2277	5.7544e-08	8.48286e-10
2278	5.88844e-08	4.67317e-10
2279	6.0256e-08	2.04552e-10
2280	6.16595e-08	3.90443e-12
2281	6.30957e-08	6.482e-10
2282	6.45654e-08	4.88355e-10
2283	6.60693e-08	6.86099e-10
2284	6.76083e-08	6.17524e-10
2285	6.91831e-08	1.79663e-11
2286	7.07946e-08	6.60669e-10
2287	7.24436e-08	5.1229e-10
2288	7.4131e-08	6.75996e-10
2289	7.58578e-08	1.00841e-10
2290	7.76247e-08	1.39579e-10
2291	7.94328e-08	4.60737e-11
2292	8.12831e-08	2.55984e-10
2293	8.31764e-08	3.17201e-10
2294	8.51138e-08	3.75509e-10
2295	8.70964e-08	4.1734e-10
2296	8.91251e-08	2.47661e-10
2297	9.12011e-08	2.4722e-10
2298	9.33254e-08	4.46544e-11
2299	9.54993e-08	1.90391e-10
2300	9.77237e-08	2.03595e-10
2301	1e-07	4.86394e-10
2302	1.02329e-07	4.48288e-10
2303	1.04713e-07	4.04192e-10
2304	1.07152e-07	5.12207e-11
2305	1.09648e-07	3.15004e-11
2306	1.12202e-07	1.55873e-10
2307	1.14815e-07	1.78754e-11
2308	1.1749e-07	3.98238e-11
2309	1.20226e-07	1.36726e-10
2310	1.23027e-07	3.56009e-10
2311	1.25893e-07	2.54466e-10
2312	1.28825e-07	3.89481e-10
2313	1.31826e-07	3.76189e-11
2314	1.34896e-07	1.01431e-10
2315	1.38038e-07	1.00063e-10
2316	1.41254e-07	4.97936e-11
2317	1.44544e-07	3.76395e-10
2318	1.47911e-07	2.77e-10
2319	1.51356e-07	2.05059e-10
2320	1.54882e-07	3.39721e-10
2321	1.58489e-07	5.09122e-11
2322	1.62181e-07	2.94672e-10
2323	1.65959e-07	3.04033e-10
2324	1.69824e-07	1.28775e-10
2325	1.7378e-07	2.97464e-11
2326	1.77828e-07	1.66112e-10
2327	1.8197e-07	2.29312e-10
2328	1.86209e-07	1.16341e-10
2329	1.90546e-07	2.10845e-10
2330	1.94984e-07	2.03882e-10
2331	1.99526e-07	1.93932e-10
2332	2.04174e-07	2.07113e-10
2333	2.0893e-07	1.66359e-10
2334	2.13796e-07	3.56725e-11
2335	2.18776e-07	1.63974e-10
2336	2.23872e-07	1.85433e-10
2337	2.29087e-07	5.80407e-11
2338	2.34423e-07	1.6008e-10
2339	2.39883e-07	5.13899e-11
2340	2.45471e-07	1.03002e-10
2341	2.51189e-07	1.02014e-10
2342	2.5704e-07	1.48867e-10
2343	2.63027e-07	2.70032e-11
2344	2.69153e-07	1.04329e-10
2345	2.75423e-07	9.0116e-11
2346	2.81838e-07	2.85166e-11
2347	2.88403e-07	1.22854e-11
2348	2.95121e-07	1.70915e-10
2349	3.01995e-07	7.25129e-11
2350	3.0903e-07	1.52252e-10
2351	3.16228e-07	1.2413e-11
2352	3.23594e-07	1.69018e-11
2353	3.31131e-07	5.70923e-11
2354	3.38844e-07	1.41544e-10
2355	3.46737e-07	1.48704e-10
2356	3.54813e-07	3.35595e-11
2357	3.63078e-07	1.0761e-10
2358	3.71535e-07	1.06538e-11
2359	3.80189e-07	6.74176e-11
2360	3.89045e-07	1.158e-10
2361	3.98107e-07	4.0203e-11
2362	4.0738e-07	6.04973e-11
2363	4.16869e-07	1.2851e-10
2364	4.2658e-07	8.25503e-11
2365	4.36516e-07	7.80374e-11
2366	4.46684e-07	6.436e-11
2367	4.57088e-07	2.06876e-11
2368	4.67735e-07	6.21568e-11
2369	4.7863e-07	3.4834e-11
2370	4.89779e-07	1.05465e-10
2371	5.01187e-07	8.77754e-12
2372	5.12861e-07	2.27869e-11
2373	5.24807e-07	9.52277e-11
2374	5.37032e-07	3.8508e-11
2375	5.49541e-07	7.98039e-11
2376	5.62341e-07	3.14193e-13
2377	5.7544e-07	8.67694e-11
2378	5.88844e-07	2.15276e-11
2379	6.0256e-07	8.62539e-11
2380	6.16595e-07	4.19376e-12
2381	6.30957e-07	1.06322e-11
2382	6.45654e-07	2.90469e-11
2383	6.60693e-07	6.48347e-11
2384	6.76083e-07	7.35688e-11
2385	6.91831e-07	1.76481e-11
2386	7.07946e-07	5.57864e-11
2387	7.24436e-07	2.64996e-11
2388	7.4131e-07	9.88843e-12
2389	7.58578e-07	1.23435e-11
2390	7.76247e-07	4.19961e-11
2391	7.94328e-07	3.49095e-11
2392	8.12831e-07	1.01006e-11
2393	8.31764e-07	6.24272e-11
2394	8.51138e-07	2.48408e-11
2395	8.70964e-07	3.85681e-12
2396	8.91251e-07	5.10987e-11
2397	9.12011e-07	4.4751e-11
2398	9.33254e-07	1.81304e-11
2399	9.54993e-07	2.73102e-11
2400	9.77237e-07	4.49301e-11
2401	1e-06	1.58613e-11
2402	1.02329e-06	4.26649e-11
2403	1.04713e-06	5.03613e-11
2404	1.07152e-06	2.54493e-11
2405	1.09648e-06	3.79739e-11
2406	1.12202e-06	2.96461e-11
2407	1.14815e-06	2.26186e-12
2408	1.1749e-06	4.22659e-11
2409	1.20226e-06	1.77155e-11
2410	1.23027e-06	1.09482e-11
2411	1.25893e-06	1.45972e-11
2412	1.28825e-06	1.5595e-11
2413	1.31826e-06	2.30057e-11
2414	1.34896e-06	3.68402e-11
2415	1.38038e-06	3.29226e-12
2416	1.41254e-06	2.84019e-11
2417	1.44544e-06	3.74032e-11
2418	1.47911e-06	1.55936e-11
2419	1.51356e-06	1.65805e-11
2420	1.54882e-06	1.58776e-11
2421	1.58489e-06	3.18724e-11
2422	1.62181e-06	2.77092e-11
2423	1.65959e-06	5.81979e-12
2424	1.69824e-06	2.00173e-11
2425	1.7378e-06	2.9331e-12
2426	1.77828e-06	1.24733e-11
2427	1.8197e-06	1.75421e-11
2428	1.86209e-06	1.02818e-12
2429	1.90546e-06	1.19596e-11
2430	1.94984e-06	2.25304e-11
2431	1.99526e-06	1.44311e-11
2432	2.04174e-06	2.65666e-11
2433	2.0893e-06	7.96875e-12
2434	2.13796e-06	9.26071e-12
2435	2.18776e-06	1.12668e-11
2436	2.23872e-06	2.16276e-11
2437	2.29087e-06	2.36812e-11
2438	2.34423e-06	9.02468e-12
2439	2.39883e-06	2.29739e-12
2440	2.45471e-06	5.21062e-12
2441	2.51189e-06	5.22771e-12
2442	2.5704e-06	7.373e-13
2443	2.63027e-06	4.1982e-12
2444	2.69153e-06	1.54283e-11
2445	2.75423e-06	6.92103e-12
2446	2.81838e-06	1.06316e-11
2447	2.88403e-06	1.29893e-11
2448	2.95121e-06	1.27831e-11
2449	3.01995e-06	3.066e-12
2450	3.0903e-06	1.19396e-11
2451	3.16228e-06	1.37335e-13
2452	3.23594e-06	2.46759e-12
2453	3.31131e-06	1.54895e-11
2454	3.38844e-06	1.04795e-11
2455	3.46737e-06	7.72306e-12
2456	3.54813e-06	3.91854e-12
2457	3.63078e-06	1.36668e-11
2458	3.71535e-06	1.30631e-11
2459	3.80189e-06	7.36568e-12
2460	3.89045e-06	3.41006e-12
2461	3.98107e-06	4.42425e-13
2462	4.0738e-06	7.78179e-12
2463	4.16869e-06	7.97586e-12
2464	4.2658e-06	1.17171e-11
2465	4.36516e-06	4.21553e-12
2466	4.46684e-06	5.48163e-12
2467	4.57088e-06	2.68908e-12
2468	4.67735e-06	7.39421e-12
2469	4.7863e-06	7.15207e-12
2470	4.89779e-06	8.61124e-12
2471	5.01187e-06	3.02981e-13
2472	5.12861e-06	4.06065e-12
2473	5.24807e-06	4.78119e-12
2474	5.37032e-06	7.93956e-12
2475	5.49541e-06	6.38014e-12
2476	5.62341e-06	8.13851e-12
2477	5.7544e-06	7.73572e-12
2478	5.88844e-06	5.85089e-12
2479	6.0256e-06	4.25317e-12
2480	6.16595e-06	5.27235e-12
2481	6.30957e-06	7.0365e-12
2482	6.45654e-06	1.07936e-12
2483	6.60693e-06	4.06254e-12
2484	6.76083e-06	2.97519e-12
2485	6.91831e-06	5.52627e-12
2486	7.07946e-06	1.77015e-12
2487	7.24436e-06	3.87347e-12
2488	7.4131e-06	2.68053e-12
2489	7.58578e-06	3.0368e-12
2490	7.76247e-06	1.1815e-12
2491	7.94328e-06	1.52334e-12
2492	8.12831e-06	2.3176e-12
2493	8.31764e-06	1.88328e-12
2494	8.51138e-06	3.19324e-12
2495	8.70964e-06	4.93452e-12
2496	8.91251e-06	1.45229e-12
2497	9.12011e-06	4.13427e-12
2498	9.33254e-06	3.74902e-12
2499	9.54993e-06	1.09691e-12
2500	9.77237e-06	4.6674e-13
2501	1e-05	5.72989e-13
2502	1.02329e-05	3.94453e-12
2503	1.04713e-05	6.87565e-13
2504	1.07152e-05	1.99164e-12
2505	1.09648e-05	3.85349e-12
2506	1.12202e-05	4.56948e-12
2507	1.14815e-05	3.3429e-13
2508	1.1749e-05	1.05949e-12
2509	1.20226e-05	2.61426e-12
2510	1.23027e-05	2.99518e-12
2511	1.25893e-05	3.75125e-12
2512	1.28825e-05	1.70975e-13
2513	1.31826e-05	2.93223e-12
2514	1.34896e-05	1.62838e-12
2515	1.38038e-05	3.18836e-12
2516	1.41254e-05	1.30918e-12
2517	1.44544e-05	3.35667e-12
2518	1.47911e-05	3.65832e-12
2519	1.51356e-05	2.41364e-12
2520	1.54882e-05	1.88595e-12
2521	1.58489e-05	2.13797e-12
2522	1.62181e-05	2.48736e-12
2523	1.65959e-05	1.3778e-13
2524	1.69824e-05	1.65191e-12
2525	1.7378e-05	2.99874e-12
2526	1.77828e-05	2.69087e-12
2527	1.8197e-05	1.73341e-12
2528	1.86209e-05	7.88821e-13
2529	1.90546e-05	2.24378e-13
2530	1.94984e-05	1.81645e-12
2531	1.99526e-05	2.09101e-12
2532	2.04174e-05	8.19353e-14
2533	2.0893e-05	1.22725e-12
2534	2.13796e-05	1.24757e-12
2535	2.18776e-05	1.56055e-12
2536	2.23872e-05	3.05426e-13
2537	2.29087e-05	2.09757e-12
2538	2.34423e-05	8.71313e-13
2539	2.39883e-05	1.84965e-13
2540	2.45471e-05	1.268e-12
2541	2.51189e-05	1.77582e-12
2542	2.5704e-05	7.71504e-13
2543	2.63027e-05	1.29165e-12
2544	2.69153e-05	6.21178e-13
2545	2.75423e-05	1.54046e-12
2546	2.81838e-05	5.32804e-13
2547	2.88403e-05	4.48537e-13
2548	2.95121e-05	1.6154e-12
2549	3.01995e-05	9.48589e-13
2550	3.0903e-05	1.05007e-12
2551	3.16228e-05	1.30431e-12
2552	3.23594e-05	1.11823e-12
2553	3.31131e-05	1.12801e-12
2554	3.38844e-05	7.12886e-13
2555	3.46737e-05	1.12623e-12
2556	3.54813e-05	8.80089e-13
2557	3.63078e-05	3.09869e-13
2558	3.71535e-05	1.00988e-12
2559	3.80189e-05	1.11546e-12
2560	3.89045e-05	4.83956e-13
2561	3.98107e-05	6.15076e-14
2562	4.0738e-05	4.0091e-13
2563	4.16869e-05	1.12002e-12
2564	4.2658e-05	4.36771e-13
2565	4.36516e-05	7.89275e-13
2566	4.46684e-05	2.65127e-13
2567	4.57088e-05	2.10392e-13
2568	4.67735e-05	6.88354e-15
2569	4.7863e-05	9.3261e-13
2570	4.89779e-05	7.42646e-13
2571	5.01187e-05	1.06939e-12
2572	5.12861e-05	4.30667e-13
2573	5.24807e-05	1.07805e-13
2574	5.37032e-05	2.85446e-13
2575	5.49541e-05	6.0209e-13
2576	5.62341e-05	1.63985e-13
2577	5.7544e-05	4.52873e-13
2578	5.88844e-05	4.17678e-13
2579	6.0256e-05	1.83636e-13
2580	6.16595e-05	9.0819e-14
2581	6.30957e-05	7.67299e-13
2582	6.45654e-05	3.05987e-13
2583	6.60693e-05	2.97439e-13
2584	6.76083e-05	4.5343e-13
2585	6.91831e-05	3.06099e-13
2586	7.07946e-05	6.80147e-13
2587	7.24436e-05	6.25744e-13
2588	7.4131e-05	6.74708e-13
2589	7.58578e-05	3.01992e-14
2590	7.76247e-05	2.24385e-13
2591	7.94328e-05	5.86998e-13
2592	8.12831e-05	1.17355e-13
2593	8.31764e-05	6.1087e-13
2594	8.51138e-05	2.99662e-13
2595	8.70964e-05	1.73424e-13
2596	8.91251e-05	1.57548e-13
2597	9.12011e-05	1.45668e-13
2598	9.33254e-05	5.34264e-13
2599	9.54993e-05	2.80678e-13
2600	9.77237e-05	2.89893e-13
2601	0.0001	1.35454e-14
2602	0.000102329	4.60322e-13
2603	0.000104713	1.96076e-13
2604	0.000107152	2.96223e-13
2605	0.000109648	3.84269e-13
2606	0.000112202	2.81235e-13
2607	0.000114815	1.62102e-14
2608	0.00011749	1.63323e-13
2609	0.000120226	3.09216e-13
2610	0.000123027	2.03627e-13
2611	0.000125893	2.18728e-14
2612	0.000128825	2.5237e-13
2613	0.000131826	3.83274e-13
2614	0.000134896	6.3398e-14
2615	0.000138038	2.87568e-13
2616	0.000141254	3.15104e-13
2617	0.000144544	1.49336e-13
2618	0.000147911	1.85199e-13
2619	0.000151356	8.17186e-14
2620	0.000154882	1.68656e-13
2621	0.000158489	1.11586e-13
2622	0.000162181	2.37274e-13
2623	0.000165959	9.8596e-14
2624	0.000169824	2.76691e-13
2625	0.00017378	2.52265e-13
2626	0.000177828	2.7536e-14
2627	0.00018197	1.15474e-14
2628	0.000186209	1.88867e-13
2629	0.000190546	1.55335e-13
2630	0.000194984	1.21137e-13
2631	0.000199526	2.29062e-13
2632	0.000204174	2.10964e-15
2633	0.00020893	2.00305e-13
2634	0.000213796	1.85538e-13
2635	0.000218776	1.25469e-14
2636	0.000223872	2.47163e-13
2637	0.000229087	6.28458e-14
2638	0.000234423	9.92656e-14
2639	0.000239883	1.84652e-13
2640	0.000245471	1.32688e-13
2641	0.000251189	2.13079e-13
2642	0.00025704	1.20031e-13
2643	0.000263027	7.78369e-14
2644	0.000269153	4.37487e-14
2645	0.000275423	1.23363e-13
2646	0.000281838	4.40821e-14
2647	0.000288403	4.9412e-14
2648	0.000295121	1.63449e-13
2649	0.000301995	1.43351e-13
2650	0.00030903	9.42725e-14
2651	0.000316228	3.86419e-14
2652	0.000323594	8.76108e-14
2653	0.000331131	8.4613e-14
2654	0.000338844	1.05822e-13
2655	0.000346737	9.91601e-14
2656	0.000354813	1.34583e-13
2657	0.000363078	5.07464e-14
2658	0.000371535	8.95006e-14
2659	0.000380189	2.24308e-14
2660	0.000389045	6.98466e-14
2661	0.000398107	8.05072e-14
2662	0.00040738	4.85266e-14
2663	0.000416869	4.09758e-14
2664	0.00042658	9.92751e-14
2665	0.000436516	1.77674e-14
2666	0.000446684	1.11047e-15
2667	0.000457088	1.13713e-13
2668	0.000467735	1.05718e-13
2669	0.00047863	1.32148e-14
2670	0.000489779	8.66186e-14
2671	0.000501187	5.26378e-14
2672	0.000512861	7.32935e-15
2673	0.000524807	1.22157e-15
2674	0.000537032	4.02009e-14
2675	0.000549541	4.37548e-14
2676	0.000562341	2.63197e-14
2677	0.00057544	5.46387e-14
2678	0.000588844	2.11004e-14
2679	0.00060256	1.96569e-14
2680	0.000616595	8.58467e-14
2681	0.000630957	4.91984e-14
2682	0.000645654	3.78708e-14
2683	0.000660693	2.15454e-14
2684	0.000676083	2.7765e-15
2685	0.000691831	6.14166e-14
2686	0.000707946	3.36517e-14
2687	0.000724436	7.26349e-14
2688	0.00074131	5.09781e-14
2689	0.000758578	2.11022e-15
2690	0.000776247	2.53229e-14
2691	0.000794328	5.37561e-14
2692	0.000812831	3.55416e-15
2693	0.000831764	6.19762e-14
2694	0.000851138	3.63197e-14
2695	0.000870964	3.66533e-14
2696	0.000891251	7.99717e-15
2697	0.000912011	4.58731e-14
2698	0.000933254	3.18783e-14
2699	0.000954993	5.80924e-14
2700	0.000977237	2.07713e-14
2701	0.001	3.02132e-14
2702	0.00102329	3.27683e-14
2703	0.00104713	4.9653e-14
2704	0.00107152	5.10976e-14
2705	0.00109648	4.0101e-14
2706	0.00112202	3.47695e-14
2707	0.00114815	2.54387e-14
2708	0.0011749	1.74407e-14
2709	0.00120226	1.01091e-14
2710	0.00123027	3.3105e-14
2711	0.00125893	3.33277e-16
2712	0.00128825	7.33219e-15
2713	0.00131826	7.77668e-15
2714	0.00134896	2.9663e-14
2715	0.00138038	2.94412e-14
2716	0.00141254	1.88871e-15
2717	0.00144544	2.26649e-14
2718	0.00147911	1.811e-14
2719	0.00151356	1.92214e-14
2720	0.00154882	1.3333e-14
2721	0.00158489	9.99993e-16
2722	0.00162181	1.32224e-14
2723	0.00165959	1.36671e-14
2724	0.00169824	1.84454e-14
2725	0.0017378	2.08903e-14
2726	0.00177828	2.9336e-14
2727	0.0018197	2.21135e-14
2728	0.00186209	1.80024e-14
2729	0.00190546	1.45578e-14
2730	0.00194984	1.25578e-14
2731	0.00199526	2.01151e-14
2732	0.00204174	3.55634e-15
2733	0.0020893	3.11187e-15
2734	0.00213796	4.11222e-15
2735	0.00218776	1.90056e-14
2736	0.00223872	1.68943e-14
2737	0.00229087	1.10038e-14
2738	0.00234423	1.11152e-14
2739	0.00239883	1.53395e-14
2740	0.00245471	9.22617e-15
2741	0.00251189	1.77859e-14
2742	0.0025704	6.33641e-15
2743	0.00263027	1.34514e-14
2744	0.00269153	9.67194e-15
2745	0.00275423	2.22351e-16
2746	0.00281838	9.67256e-15
2747	0.00288403	4.55848e-15
2748	0.00295121	3.44677e-15
2749	0.00301995	1.35652e-14
2750	0.0030903	1.7791e-15
2751	0.00316228	1.55677e-15
2752	0.00323594	7.11693e-15
2753	0.00331131	1.04534e-14
2754	0.00338844	1.55695e-15
2755	0.00346737	9.45327e-15
2756	0.00354813	3.67024e-15
2757	0.00363078	1.33469e-14
2758	0.00371535	1.22352e-14
2759	0.00380189	4.33811e-15
2760	0.00389045	2.44724e-15
2761	0.00398107	5.78466e-15
2762	0.0040738	1.13474e-14
2763	0.00416869	1.07916e-14
2764	0.0042658	2.78148e-15
2765	0.00436516	1.16828e-14
2766	0.00446684	9.34672e-15
2767	0.00457088	6.5653e-15
2768	0.00467735	8.68001e-15
2769	0.0047863	1.02385e-14
2770	0.00489779	3.45013e-15
2771	0.00501187	6.67804e-15
2772	0.00512861	3.45052e-15
2773	0.00524807	5.56569e-16
2774	0.00537032	3.33962e-15
2775	0.00549541	8.79488e-15
2776	0.00562341	6.79142e-15
2777	0.0057544	6.23515e-15
2778	0.00588844	3.45183e-15
2779	0.0060256	4.12021e-15
2780	0.00616595	1.78184e-15
2781	0.00630957	7.7961e-16
2782	0.00645654	4.90077e-15
2783	0.00660693	1.22528e-15
2784	0.00676083	5.5699e-16
2785	0.00691831	5.01331e-15
2786	0.00707946	2.67398e-15
2787	0.00724436	7.1312e-15
2788	0.0074131	2.34012e-15
2789	0.00758578	6.68664e-15
2790	0.00776247	6.0185e-15
2791	0.00794328	3.45538e-15
2792	0.00812831	4.90486e-15
2793	0.00831764	1.4493e-15
2794	0.00851138	2.22991e-15
2795	0.00870964	2.34164e-15
2796	0.00891251	6.69107e-16
2797	0.00912011	6.02258e-15
2798	0.00933254	3.34624e-16
2799	0.00954993	2.23107e-16
2800	0.00977237	5.46672e-15
2801	0.01	5.35576e-15
2802	0.0102329	1.00432e-15
2803	0.0104713	3.01332e-15
2804	0.0107152	2.12075e-15
2805	0.0109648	2.67917e-15
2806	0.0112202	2.12128e-15
2807	0.0114815	1.78657e-15
2808	0.011749	2.68022e-15
2809	0.0120226	1.34029e-15
2810	0.0123027	1.6756e-15
2811	0.0125893	5.58613e-16
2812	0.0128825	3.46391e-15
2813	0.0131826	4.47023e-16
2814	0.0134896	5.58864e-16
2815	0.0138038	2.57118e-15
2816	0.0141254	3.35425e-16
2817	0.0144544	3.57845e-15
2818	0.0147911	3.6909e-15
2819	0.0151356	1.9017e-15
2820	0.0154882	2.01392e-15
2821	0.0158489	2.68571e-15
2822	0.0162181	1.11925e-16
2823	0.0165959	1.67919e-15
2824	0.0169824	1.23164e-15
2825	0.017378	2.57576e-15
2826	0.0177828	1.00811e-15
2827	0.018197	8.96284e-16
2828	0.0186209	6.72355e-16
2829	0.0190546	1.23292e-15
2830	0.0194984	2.24216e-15
2831	0.0199526	2.46694e-15
2832	0.0204174	2.24319e-15
2833	0.020893	7.85303e-16
2834	0.0213796	2.46869e-15
2835	0.0218776	2.46931e-15
2836	0.0223872	1.45951e-15
2837	0.0229087	7.86092e-16
2838	0.0234423	1.79726e-15
2839	0.0239883	2.02247e-15
2840	0.0245471	1.68586e-15
2841	0.0251189	1.12423e-16
2842	0.025704	8.99642e-16
2843	0.0263027	1.68733e-15
2844	0.0269153	6.75139e-16
2845	0.0275423	1.01302e-15
2846	0.0281838	1.9141e-15
2847	0.0288403	9.01048e-16
2848	0.0295121	3.38006e-16
2849	0.0301995	6.76243e-16
2850	0.030903	5.63733e-16
2851	0.0316228	1.12787e-16
2852	0.0323594	1.24111e-15
2853	0.0331131	6.77224e-16
2854	0.0338844	1.12914e-15
2855	0.0346737	1.24254e-15
2856	0.0354813	1.35604e-15
2857	0.0363078	9.044e-16
2858	0.0371535	2.26195e-16
2859	0.0380189	7.92023e-16
2860	0.0389045	0
2861	0.0398107	5.66235e-16
2862	0.040738	2.26598e-16
2863	0.0416869	1.02017e-15
2864	0.042658	1.13407e-16
2865	0.0436516	3.40389e-16
2866	0.0446684	1.02168e-15
2867	0.0457088	1.13579e-16
2868	0.0467735	7.95473e-16
2869	0.047863	5.68502e-16
2870	0.0489779	5.68817e-16
2871	0.0501187	9.10622e-16
2872	0.0512861	9.11149e-16
2873	0.0524807	5.69805e-16
2874	0.0537032	4.5612e-16
2875	0.0549541	9.12806e-16
2876	0.0562341	1.14173e-16
2877	0.057544	2.28495e-16
2878	0.0588844	2.28646e-16
2879	0.060256	4.57603e-16
2880	0.0616595	6.86882e-16
2881	0.0630957	1.14562e-16
2882	0.0645654	9.1716e-16
2883	0.0660693	0
2884	0.0676083	3.44453e-16
2885	0.0691831	3.44721e-16
2886	0.0707946	4.59994e-16
2887	0.0724436	8.05646e-16
2888	0.074131	5.75941e-16
2889	0.0758578	5.76432e-16
2890	0.0776247	5.76935e-16
2891	0.0794328	2.3098e-16
2892	0.0812831	3.46787e-16
2893	0.0831764	4.62814e-16
2894	0.0851138	0
2895	0.0870964	1.15927e-16
2896	0.0891251	5.80216e-16
2897	0.0912011	3.48486e-16
2898	0.0933254	1.16283e-16
2899	0.0954993	3.49224e-16
2900	0.0977237	1.16535e-16
2901	0.1	5.8333e-16
2902	0.102329	4.67198e-16
2903	0.104713	0
2904	0.107152	3.5123e-16
2905	0.109648	4.68881e-16
2906	0.112202	4.69469e-16
2907	0.114815	0
2908	0.11749	4.70688e-16
2909	0.120226	1.1783e-16
2910	0.123027	3.53975e-16
2911	0.125893	3.54472e-16
2912	0.128825	3.54981e-16
2913	0.131826	0
2914	0.134896	1.18679e-16
2915	0.138038	1.18861e-16
2916	0.141254	0
2917	0.144544	3.57718e-16
2918	0.147911	3.58306e-16
2919	0.151356	3.58908e-16
2920	0.154882	0
2921	0.158489	1.20053e-16
2922	0.162181	2.40537e-16
2923	0.165959	3.61469e-16
2924	0.169824	1.20716e-16
2925	0.17378	2.41897e-16
2926	0.177828	2.42372e-16
2927	0.18197	0
2928	0.186209	2.43359e-16
2929	0.190546	1.21935e-16
2930	0.194984	1.22198e-16
2931	0.199526	2.44933e-16
2932	0.204174	2.45483e-16
2933	0.20893	2.46048e-16
2934	0.213796	1.23313e-16
2935	0.218776	2.47219e-16
2936	0.223872	2.47826e-16
2937	0.229087	1.24224e-16
2938	0.234423	1.24543e-16
2939	0.239883	1.2487e-16
2940	0.245471	1.25206e-16
2941	0.251189	0
2942	0.25704	1.25901e-16
2943	0.263027	1.26263e-16
2944	0.269153	0
2945	0.275423	0
2946	0.281838	1.27401e-16
2947	0.288403	0
2948	0.295121	1.28209e-16
2949	0.301995	0
2950	0.30903	1.29059e-16
2951	0.316228	0
2952	0.323594	1.29952e-16
2953	0.331131	1.30416e-16
2954	0.338844	2.61784e-16
2955	0.346737	1.3138e-16
2956	0.354813	0
2957	0.363078	1.32394e-16
2958	0.371535	1.32921e-16
2959	0.380189	1.33461e-16
2960	0.389045	1.34015e-16
2961	0.398107	0
2962	0.40738	1.35168e-16
2963	0.416869	0
2964	0.42658	0
2965	0.436516	1.37011e-16
2966	0.446684	0
2967	0.457088	1.38322e-16
2968	0.467735	1.39004e-16
2969	0.47863	0
2970	0.489779	0
2971	0.501187	0
2972	0.512861	1.41915e-16
2973	0.524807	1.42692e-16
2974	0.537032	1.43489e-16
2975	0.549541	0
2976	0.562341	1.45149e-16
2977	0.57544	0
2978	0.588844	0
2979	0.60256	0
2980	0.616595	0
2981	0.630957	0
2982	0.645654	0
2983	0.660693	0
2984	0.676083	0
2985	0.691831	0
2986	0.707946	0
2987	0.724436	0
2988	0.74131	1.57212e-16
2989	0.758578	1.58405e-16
2990	0.776247	1.59632e-16
2991	0.794328	1.60893e-16
2992	0.812831	1.6219e-16
2993	0.831764	1.63523e-16
2994	0.851138	1.64893e-16
2995	0.870964	0
2996	0.891251	1.6775e-16
2997	0.912011	0
2998	0.933254	0
2999	0.954993	0
3000	0.977237	0
3001	1	0
3002	1.02329	1.77349e-16
3003	1.04713	0
3004	1.07152	0
3005	1.09648	1.82796e-16
3006	1.12202	1.84717e-16
3007	1.14815	1.86694e-16
3008	1.1749	1.88729e-16
3009	1.20226	0
3010	1.23027	1.92978e-16
3011	1.25893	0
3012	1.28825	1.9748e-16
3013	1.31826	0
3014	1.34896	2.02251e-16
3015	1.38038	0
3016	1.41254	0
3017	1.44544	0
3018	1.47911	0
3019	1.51356	0
3020	1.54882	2.18353e-16
3021	1.58489	0
3022	1.62181	0
3023	1.65959	1.13766e-16
3024	1.69824	0
3025	1.7378	1.17059e-16
3026	1.77828	0
3027	1.8197	1.20552e-16
3028	1.86209	0
3029	1.90546	0
3030	1.94984	0
3031	1.99526	1.2819e-16
3032	2.04174	0
3033	2.0893	0
3034	2.13796	0
3035	2.18776	0
3036	2.23872	0
3037	2.29087	0
3038	2.34423	1.43937e-16
3039	2.39883	0
3040	2.45471	0
3041	2.51189	0
3042	2.5704	1.54506e-16
3043	2.63027	1.57348e-16
3044	2.69153	0
3045	2.75423	1.63285e-16
3046	2.81838	0
3047	2.88403	0
3048	2.95121	0
3049	3.01995	1.76242e-16
3050	3.0903	0
3051	3.16228	0
3052	3.23594	0
3053	3.31131	0
3054	3.38844	0
3055	3.46737	1.98676e-16
3056	3.54813	0
3057	3.63078	0
3058	3.71535	2.1139e-16
3059	3.80189	0
3060	3.89045	0
3061	3.98107	0
3062	4.0738	0
3063	4.16869	0
3064	4.2658	0
3065	4.36516	0
3066	4.46684	1.2542e-16
3067	4.57088	1.28194e-16
3068	4.67735	0
3069	4.7863	0
3070	4.89779	1.36963e-16
3071	5.01187	1.4004e-16
3072	5.12861	0
3073	5.24807	1.46433e-16
3074	5.37032	1.49753e-16
3075	5.49541	0
3076	5.62341	0
3077	5.7544	0
3078	5.88844	1.63891e-16
3079	6.0256	1.67649e-16
3080	6.16595	0
3081	6.30957	0
3082	6.45654	0
3083	6.60693	0
3084	6.76083	0
3085	6.91831	1.92212e-16
3086	7.07946	0
3087	7.24436	0
3088	7.4131	0
3089	7.58578	0
3090	7.76247	2.15544e-16
3091	7.94328	0
3092	8.12831	1.12836e-16
3093	8.31764	0
3094	8.51138	0
3095	8.70964	0
3096	8.91251	0
3097	9.12011	1.26581e-16
3098	9.33254	1.29527e-16
3099	9.54993	0
3100	9.77237	0
3101	10	0
3102	10.2329	0
3103	10.4713	0
3104	10.7152	0
3105	10.9648	0
3106	11.2202	0
3107	11.4815	0
3108	11.749	0
3109	12.0226	1.66849e-16
3110	12.3027	0
3111	12.5893	1.74712e-16
3112	12.8825	0
3113	13.1826	1.82945e-16
3114	13.4896	1.87206e-16
3115	13.8038	0
3116	14.1254	0
3117	14.4544	0
3118	14.7911	0
3119	15.1356	0
3120	15.4882	0
3121	15.8489	0
3122	16.2181	1.12536e-16
3123	16.5959	1.15157e-16
3124	16.9824	0
3125	17.378	1.20584e-16
3126	17.7828	1.23393e-16
3127	18.197	0
3128	18.6209	1.29208e-16
3129	19.0546	1.32218e-16
3130	19.4984	1.35298e-16
3131	19.9526	0
3132	20.4174	0
3133	20.893	1.44974e-16
3134	21.3796	0
3135	21.8776	0
3136	22.3872	0
3137	22.9087	0
3138	23.4423	0
3139	23.9883	0
3140	24.5471	0
3141	25.1189	0
3142	25.704	1.78357e-16
3143	26.3027	0
3144	26.9153	0
3145	27.5423	0
3146	28.1838	1.95565e-16
3147	28.8403	0
3148	29.5121	2.04781e-16
3149	30.1995	0
3150	30.903	0
3151	31.6228	0
3152	32.3594	1.12269e-16
3153	33.1131	0
3154	33.8844	1.1756e-16
3155	34.6737	0
3156	35.4813	1.23101e-16
3157	36.3078	1.25968e-16
3158	37.1535	0
3159	38.0189	1.31905e-16
3160	38.9045	0
3161	39.8107	0
3162	40.738	0
3163	41.6869	0
3164	42.658	1.48e-16
3165	43.6516	0
3166	44.6684	1.54975e-16
3167	45.7088	0
3168	46.7735	0
3169	47.863	0
3170	48.9779	0
3171	50.1187	0
3172	51.2861	1.77935e-16
3173	52.4807	0
3174	53.7032	0
3175	54.9541	1.9066e-16
3176	56.2341	0
3177	57.544	0
3178	58.8844	0
3179	60.256	0
3180	61.6595	0
3181	63.0957	0
3182	64.5654	0
3183	66.0693	1.14612e-16
3184	67.6083	0
3185	69.1831	0
3186	70.7946	1.22809e-16
3187	72.4436	1.2567e-16
3188	74.131	0
3189	75.8578	0
3190	77.6247	0
3191	79.4328	0
3192	81.2831	0
3193	83.1764	1.44288e-16
3194	85.1138	0
3195	87.0964	0
3196	89.1251	1.54607e-16
3197	91.2011	0
3198	93.3254	0
3199	95.4993	0
3200	97.7237	0
3201	100	0
3202	102.329	0
3203	104.713	1.81648e-16
3204	107.152	0
3205	109.648	0
3206	112.202	0
3207	114.815	0
3208	117.49	0
3209	120.226	2.0856e-16
3210	123.027	0
3211	125.893	0
3212	128.825	0
3213	131.826	1.14341e-16
3214	134.896	1.17004e-16
3215	138.038	1.19729e-16
3216	141.254	0
3217	144.544	0
3218	147.911	1.28292e-16
3219	151.356	0
3220	154.882	0
3221	158.489	0
3222	162.181	1.4067e-16
3223	165.959	0
3224	169.824	0
3225	173.78	1.5073e-16
3226	177.828	0
3227	181.97	0
3228	186.209	1.6151e-16
3229	190.546	1.65272e-16
3230	194.984	0
3231	199.526	0
3232	204.174	0
3233	208.93	0
3234	213.796	0
3235	218.776	0
3236	223.872	0
3237	229.087	1.98701e-16
3238	234.423	0
3239	239.883	0
3240	245.471	2.12912e-16
3241	251.189	0
3242	257.04	1.11473e-16
3243	263.027	1.1407e-16
3244	269.153	0
3245	275.423	1.19446e-16
3246	281.838	1.22228e-16
3247	288.403	0
3248	295.121	1.27988e-16
3249	301.995	0
3250	309.03	1.3402e-16
3251	316.228	1.37142e-16
3252	323.594	1.40336e-16
3253	331.131	0
3254	338.844	1.4695e-16
3255	346.737	0
3256	354.813	0
3257	363.078	0
3258	371.535	0
3259	380.189	1.64881e-16
3260	389.045	1.68721e-16
3261	398.107	1.72651e-16
3262	407.38	0
3263	416.869	1.80788e-16
3264	426.58	0
3265	436.516	1.89309e-16
3266	446.684	0
3267	457.088	0
3268	467.735	0
3269	478.63	0
3270	489.779	0
3271	501.187	0
3272	512.861	0
3273	524.807	0
3274	537.032	1.1645e-16
3275	549.541	0
3276	562.341	1.21938e-16
3277	575.44	0
3278	588.844	1.27685e-16
3279	602.56	0
3280	616.595	0
3281	630.957	0
3282	645.654	0
3283	660.693	1.43265e-16
3284	676.083	0
3285	691.831	0
3286	707.946	1.53511e-16
3287	724.436	0
3288	741.31	0
3289	758.578	0
3290	776.247	0
3291	794.328	0
3292	812.831	1.76255e-16
3293	831.764	1.8036e-16
3294	851.138	0
3295	870.964	0
3296	891.251	0
3297	912.011	0
3298	933.254	0
3299	954.993	0
3300	977.237	0
3301	1000	0
3302	1023.29	0
3303	1047.13	0
3304	1071.52	0
3305	1096.48	0
3306	1122.02	1.21649e-16
3307	1148.15	0
3308	1174.9	0
3309	1202.26	0
3310	1230.27	0
3311	1258.93	1.36493e-16
3312	1288.25	0
3313	1318.26	0
3314	1348.96	0
3315	1380.38	1.49662e-16
3316	1412.54	0
3317	1445.44	0
3318	1479.11	0
3319	1513.56	0
3320	1548.82	0
3321	1584.89	0
3322	1621.81	0
3323	1659.59	1.79933e-16
3324	1698.24	0
3325	1737.8	1.88413e-16
3326	1778.28	0
3327	1819.7	0
3328	1862.09	0
3329	1905.46	0
3330	1949.84	0
3331	1995.26	0
3332	2041.74	0
3333	2089.3	1.13261e-16
3334	2137.96	0
3335	2187.76	1.18599e-16
3336	2238.72	1.21361e-16
3337	2290.87	0
3338	2344.23	0
3339	2398.83	0
3340	2454.71	1.3307e-16
3341	2511.89	0
3342	2570.4	0
3343	2630.27	1.42587e-16
3344	2691.53	0
3345	2754.23	0
3346	2818.38	1.52785e-16
3347	2884.03	0
3348	2951.21	1.59985e-16
3349	3019.95	0
3350	3090.3	0
3351	3162.28	0
3352	3235.94	1.7542e-16
3353	3311.31	0
3354	3388.44	0
3355	3467.37	0
3356	3548.13	1.92345e-16
3357	3630.78	1.96825e-16
3358	3715.35	0
3359	3801.89	0
3360	3890.45	0
3361	3981.07	0
3362	4073.8	2.20841e-16
3363	4168.69	1.12993e-16
3364	4265.8	1.15625e-16
3365	4365.16	0
3366	4466.84	1.21074e-16
3367	4570.88	1.23894e-16
3368	4677.35	0
3369	4786.3	0
3370	4897.79	1.32755e-16
3371	5011.87	0
3372	5128.61	0
3373	5248.07	0
3374	5370.32	0
3375	5495.41	1.48953e-16
3376	5623.41	0
3377	5754.4	1.55973e-16
3378	5888.44	0
3379	6025.6	1.63324e-16
3380	6165.95	1.67128e-16
3381	6309.57	1.71021e-16
3382	6456.54	0
3383	6606.93	0
3384	6760.83	1.83253e-16
3385	6918.31	0
3386	7079.46	0
3387	7244.36	0
3388	7413.1	0
3389	7585.78	0
3390	7762.47	0
3391	7943.28	0
3392	8128.31	0
3393	8317.64	1.12725e-16
3394	8511.38	0
3395	8709.64	0
3396	8912.51	0
3397	9120.11	0
3398	9332.54	0
3399	9549.93	0
3400	9772.37	0
3401	10000	0
3402	10232.9	0
3403	10471.3	0
3404	10715.2	1.45218e-16
3405	10964.8	0
3406	11220.2	1.52062e-16
3407	11481.5	1.55604e-16
3408	11749	1.59228e-16
3409	12022.6	0
3410	12302.7	1.66733e-16
3411	12589.3	0
3412	12882.5	1.7459e-16
3413	13182.6	1.78657e-16
3414	13489.6	0
3415	13803.8	0
3416	14125.4	0
3417	14454.4	0
3418	14791.1	0
3419	15135.6	2.05126e-16
3420	15488.2	2.09904e-16
3421	15848.9	0
3422	16218.1	0
3423	16595.9	1.12458e-16
3424	16982.4	1.15077e-16
3425	17378	0
3426	17782.8	1.20501e-16
3427	18197	1.23308e-16
3428	18620.9	0
3429	19054.6	0
3430	19498.4	0
3431	19952.6	0
3432	20417.4	0
3433	20893	0
3434	21379.6	0
3435	21877.6	0
3436	22387.2	1.51702e-16
3437	22908.7	0
3438	23442.3	0
3439	23988.3	0
3440	24547.1	0
3441	25118.9	1.70212e-16
3442	25704	0
3443	26302.7	1.78234e-16
3444	26915.3	1.82385e-16
3445	27542.3	0
3446	28183.8	0
3447	28840.3	1.9543e-16
3448	29512.1	0
3449	30199.5	0
3450	30903	2.09407e-16
3451	31622.8	0
3452	32359.4	0
3453	33113.1	0
3454	33884.4	0
3455	34673.7	0
3456	35481.3	0
3457	36307.8	0
3458	37153.5	0
3459	38018.9	0
3460	38904.5	1.31814e-16
3461	39810.7	1.34884e-16
3462	40738	1.38026e-16
3463	41686.9	1.41241e-16
3464	42658	0
3465	43651.6	1.47897e-16
3466	44668.4	0
3467	45708.8	0
3468	46773.5	0
3469	47863	1.62166e-16
3470	48977.9	0
3471	50118.7	0
3472	51286.1	0
3473	52480.7	0
3474	53703.2	0
3475	54954.1	0
3476	56234.1	0
3477	57544	0
3478	58884.4	0
3479	60256	2.04155e-16
3480	61659.5	0
3481	63095.7	0
3482	64565.4	0
3483	66069.3	0
3484	67608.3	0
3485	69183.1	0
3486	70794.6	1.19931e-16
3487	72443.6	0
3488	74131	1.25583e-16
3489	75857.8	0
3490	77624.7	0
3491	79432.8	0
3492	81283.1	0
3493	83176.4	0
3494	85113.8	0
3495	87096.4	0
3496	89125.1	0
3497	91201.1	0
3498	93325.4	0
3499	95499.3	0
3500	97723.7	0
3501	100000	0
3502	102329	0
3503	104713	0
3504	107152	1.81522e-16
3505	109648	1.85751e-16
3506	112202	1.90077e-16
3507	114815	1.94505e-16
3508	117490	0
3509	120226	0
3510	123027	0
3511	125893	0
3512	128825	0
3513	131826	0
3514	134896	0
3515	138038	1.16923e-16
3516	141254	0
3517	144544	0
3518	147911	0
3519	151356	0
3520	154882	0
3521	158489	0
3522	162181	0
3523	165959	0
3524	169824	0
3525	173780	0
3526	177828	0
3527	181970	0
3528	186209	1.57725e-16
3529	190546	0
3530	194984	0
3531	199526	1.69005e-16
3532	204174	0
3533	208930	0
3534	213796	0
3535	218776	0
3536	223872	0
3537	229087	0
3538	234423	0
3539	239883	0
3540	245471	0
3541	251189	0
3542	257040	0
3543	263027	1.11396e-16
3544	269153	0
3545	275423	1.16646e-16
3546	281838	0
3547	288403	1.22143e-16
3548	295121	0
3549	301995	0
3550	309030	1.30879e-16
3551	316228	1.33928e-16
3552	323594	1.37047e-16
3553	331131	0
3554	338844	0
3555	346737	0
3556	354813	0
3557	363078	1.5377e-16
3558	371535	1.57351e-16
3559	380189	0
3560	389045	0
3561	398107	0
3562	407380	0
3563	416869	0
3564	426580	0
3565	436516	0
3566	446684	1.89178e-16
3567	457088	0
3568	467735	0
3569	478630	2.02708e-16
3570	489779	0
3571	501187	0
3572	512861	0
3573	524807	1.11132e-16
3574	537032	0
3575	549541	1.1637e-16
3576	562341	1.1908e-16
3577	575440	1.21854e-16
3578	588844	1.24692e-16
3579	602560	0
3580	616595	0
3581	630957	1.3361e-16
3582	645654	0
3583	660693	0
3584	676083	0
3585	691831	1.46501e-16
3586	707946	1.49913e-16
3587	724436	0
3588	741310	1.56979e-16
3589	758578	0
3590	776247	0
3591	794328	0
3592	812831	0
3593	831764	1.76133e-16
3594	851138	0
3595	870964	0
3596	891251	0
3597	912011	0
3598	933254	0
3599	954993	0
3600	977237	0
3601	1e+06	0
3602	1.02329e+06	0
3603	1.04713e+06	0
3604	1.07152e+06	0
3605	1.09648e+06	0
3606	1.12202e+06	1.18798e-16
3607	1.14815e+06	0
3608	1.1749e+06	1.24397e-16
3609	1.20226e+06	0
3610	1.23027e+06	0
3611	1.25893e+06	0
3612	1.28825e+06	1.36399e-16
3613	1.31826e+06	0
3614	1.34896e+06	0
3615	1.38038e+06	0
3616	1.41254e+06	1.49558e-16
3617	1.44544e+06	0
3618	1.47911e+06	0
3619	1.51356e+06	0
3620	1.54882e+06	0
3621	1.58489e+06	0
3622	1.62181e+06	0
3623	1.65959e+06	0
3624	1.69824e+06	0
3625	1.7378e+06	0
3626	1.77828e+06	0
3627	1.8197e+06	0
3628	1.86209e+06	0
3629	1.90546e+06	0
3630	1.94984e+06	2.06448e-16
3631	1.99526e+06	0
3632	2.04174e+06	0
3633	2.0893e+06	0
3634	2.13796e+06	0
3635	2.18776e+06	0
3636	2.23872e+06	1.18517e-16
3637	2.29087e+06	1.21278e-16
3638	2.34423e+06	0
3639	2.39883e+06	0
3640	2.45471e+06	1.29951e-16
3641	2.51189e+06	1.32978e-16
3642	2.5704e+06	0
3643	2.63027e+06	0
3644	2.69153e+06	0
3645	2.75423e+06	0
3646	2.81838e+06	1.49204e-16
3647	2.88403e+06	0
3648	2.95121e+06	0
3649	3.01995e+06	1.59875e-16
3650	3.0903e+06	0
3651	3.16228e+06	0
3652	3.23594e+06	0
3653	3.31131e+06	0
3654	3.38844e+06	0
3655	3.46737e+06	1.83561e-16
3656	3.54813e+06	0
3657	3.63078e+06	0
3658	3.71535e+06	0
3659	3.80189e+06	0
3660	3.89045e+06	0
3661	3.98107e+06	0
3662	4.0738e+06	0
3663	4.16869e+06	0
3664	4.2658e+06	1.12915e-16
3665	4.36516e+06	1.15545e-16
3666	4.46684e+06	0
3667	4.57088e+06	1.2099e-16
3668	4.67735e+06	0
3669	4.7863e+06	0
3670	4.89779e+06	0
3671	5.01187e+06	0
3672	5.12861e+06	0
3673	5.24807e+06	0
3674	5.37032e+06	1.42151e-16
3675	5.49541e+06	0
3676	5.62341e+06	0
3677	5.7544e+06	0
3678	5.88844e+06	0
3679	6.0256e+06	0
3680	6.16595e+06	1.63211e-16
3681	6.30957e+06	0
3682	6.45654e+06	0
3683	6.60693e+06	0
3684	6.76083e+06	0
3685	6.91831e+06	0
3686	7.07946e+06	1.87392e-16
3687	7.24436e+06	0
3688	7.4131e+06	0
3689	7.58578e+06	0
3690	7.76247e+06	0
3691	7.94328e+06	0
3692	8.12831e+06	0
3693	8.31764e+06	0
3694	8.51138e+06	0
3695	8.70964e+06	1.15271e-16
3696	8.91251e+06	1.17956e-16
3697	9.12011e+06	1.20704e-16
3698	9.33254e+06	0
3699	9.54993e+06	1.26392e-16
3700	9.77237e+06	0
3701	1e+07	0
3702	1.02329e+07	0
3703	1.04713e+07	1.38586e-16
3704	1.07152e+07	1.41814e-16
3705	1.09648e+07	0
3706	1.12202e+07	1.48498e-16
3707	1.14815e+07	1.51957e-16
3708	1.1749e+07	0
3709	1.20226e+07	0
3710	1.23027e+07	0
3711	1.25893e+07	0
3712	1.28825e+07	0
3713	1.31826e+07	0
3714	1.34896e+07	0
3715	1.38038e+07	0
3716	1.41254e+07	0
3717	1.44544e+07	0
3718	1.47911e+07	0
3719	1.51356e+07	0
3720	1.54882e+07	0
3721	1.58489e+07	0
3722	1.62181e+07	0
3723	1.65959e+07	0
3724	1.69824e+07	0
3725	1.7378e+07	0
3726	1.77828e+07	1.17677e-16
3727	1.8197e+07	0
3728	1.86209e+07	1.23223e-16
3729	1.90546e+07	1.26093e-16
3730	1.94984e+07	1.2903e-16
3731	1.99526e+07	0
3732	2.04174e+07	0
3733	2.0893e+07	1.38258e-16
3734	2.13796e+07	0
3735	2.18776e+07	1.44774e-16
3736	2.23872e+07	0
3737	2.29087e+07	0
3738	2.34423e+07	0
3739	2.39883e+07	0
3740	2.45471e+07	0
3741	2.51189e+07	0
3742	2.5704e+07	0
3743	2.63027e+07	0
3744	2.69153e+07	0
3745	2.75423e+07	0
3746	2.81838e+07	0
3747	2.88403e+07	0
3748	2.95121e+07	0
3749	3.01995e+07	0
3750	3.0903e+07	0
3751	3.16228e+07	0
3752	3.23594e+07	0
3753	3.31131e+07	0
3754	3.38844e+07	1.12114e-16
3755	3.46737e+07	1.14726e-16
3756	3.54813e+07	0
3757	3.63078e+07	0
3758	3.71535e+07	0
3759	3.80189e+07	1.25794e-16
3760	3.89045e+07	0
3761	3.98107e+07	1.31723e-16
3762	4.0738e+07	0
3763	4.16869e+07	1.37931e-16
3764	4.2658e+07	0
3765	4.36516e+07	0
3766	4.46684e+07	1.47795e-16
3767	4.57088e+07	1.51238e-16
3768	4.67735e+07	1.54761e-16
3769	4.7863e+07	0
3770	4.89779e+07	0
3771	5.01187e+07	0
3772	5.12861e+07	0
3773	5.24807e+07	0
3774	5.37032e+07	1.77689e-16
3775	5.49541e+07	0
3776	5.62341e+07	0
3777	5.7544e+07	1.90397e-16
3778	5.88844e+07	1.94832e-16
3779	6.0256e+07	0
3780	6.16595e+07	0
3781	6.30957e+07	0
3782	6.45654e+07	0
3783	6.60693e+07	0
3784	6.76083e+07	0
3785	6.91831e+07	0
3786	7.07946e+07	1.1712e-16
3787	7.24436e+07	1.19848e-16
3788	7.4131e+07	0
3789	7.58578e+07	0
3790	7.76247e+07	0
3791	7.94328e+07	0
3792	8.12831e+07	1.34472e-16
3793	8.31764e+07	0
3794	8.51138e+07	1.40809e-16
3795	8.70964e+07	1.44089e-16
3796	8.91251e+07	1.47445e-16
3797	9.12011e+07	1.5088e-16
3798	9.33254e+07	0
3799	9.54993e+07	1.5799e-16
3800	9.77237e+07	0
3801	1e+08	0
3802	1.02329e+08	0
3803	1.04713e+08	0
3804	1.07152e+08	0
3805	1.09648e+08	0
3806	1.12202e+08	0
3807	1.14815e+08	0
3808	1.1749e+08	1.9437e-16
3809	1.20226e+08	0
3810	1.23027e+08	0
3811	1.25893e+08	0
3812	1.28825e+08	0
3813	1.31826e+08	0
3814	1.34896e+08	1.11584e-16
3815	1.38038e+08	0
3816	1.41254e+08	1.16842e-16
3817	1.44544e+08	0
3818	1.47911e+08	0
3819	1.51356e+08	0
3820	1.54882e+08	0
3821	1.58489e+08	0
3822	1.62181e+08	0
3823	1.65959e+08	1.37278e-16
3824	1.69824e+08	1.40475e-16
3825	1.7378e+08	0
3826	1.77828e+08	0
3827	1.8197e+08	0
3828	1.86209e+08	0
3829	1.90546e+08	1.57616e-16
3830	1.94984e+08	0
3831	1.99526e+08	0
3832	2.04174e+08	1.68889e-16
3833	2.0893e+08	0
3834	2.13796e+08	0
3835	2.18776e+08	0
3836	2.23872e+08	0
3837	2.29087e+08	0
3838	2.34423e+08	1.9391e-16
3839	2.39883e+08	0
3840	2.45471e+08	0
3841	2.51189e+08	0
3842	2.5704e+08	0
3843	2.63027e+08	0
3844	2.69153e+08	0
3845	2.75423e+08	0
3846	2.81838e+08	1.16566e-16
3847	2.88403e+08	1.19281e-16
3848	2.95121e+08	1.22059e-16
3849	3.01995e+08	0
3850	3.0903e+08	0
3851	3.16228e+08	1.30789e-16
3852	3.23594e+08	0
3853	3.31131e+08	0
3854	3.38844e+08	0
3855	3.46737e+08	0
3856	3.54813e+08	0
3857	3.63078e+08	0
3858	3.71535e+08	1.53663e-16
3859	3.80189e+08	0
3860	3.89045e+08	0
3861	3.98107e+08	0
3862	4.0738e+08	0
3863	4.16869e+08	1.72413e-16
3864	4.2658e+08	0
3865	4.36516e+08	1.80539e-16
3866	4.46684e+08	1.84744e-16
3867	4.57088e+08	0
3868	4.67735e+08	0
3869	4.7863e+08	1.97957e-16
3870	4.89779e+08	2.02568e-16
3871	5.01187e+08	0
3872	5.12861e+08	0
3873	5.24807e+08	0
3874	5.37032e+08	0
3875	5.49541e+08	0
3876	5.62341e+08	0
3877	5.7544e+08	1.18998e-16
3878	5.88844e+08	1.2177e-16
3879	6.0256e+08	0
3880	6.16595e+08	0
3881	6.30957e+08	0
3882	6.45654e+08	1.33518e-16
3883	6.60693e+08	0
3884	6.76083e+08	0
3885	6.91831e+08	0
3886	7.07946e+08	1.464e-16
3887	7.24436e+08	0
3888	7.4131e+08	0
3889	7.58578e+08	0
3890	7.76247e+08	0
3891	7.94328e+08	1.64263e-16
3892	8.12831e+08	0
3893	8.31764e+08	1.72005e-16
3894	8.51138e+08	0
3895	8.70964e+08	0
3896	8.91251e+08	0
3897	9.12011e+08	1.88599e-16
3898	9.33254e+08	1.92992e-16
3899	9.54993e+08	0
3900	9.77237e+08	0
