1	1e-30	0
2	1.02329e-30	0
3	1.04713e-30	0
4	1.07152e-30	0
5	1.09648e-30	0
6	1.12202e-30	0
7	1.14815e-30	0
8	1.1749e-30	0
9	1.20226e-30	0
10	1.23027e-30	0
11	1.25893e-30	0
12	1.28825e-30	0
13	1.31826e-30	0
14	1.34896e-30	0
15	1.38038e-30	0
16	1.41254e-30	0
17	1.44544e-30	0
18	1.47911e-30	0
19	1.51356e-30	0
20	1.54882e-30	0
21	1.58489e-30	0
22	1.62181e-30	0
23	1.65959e-30	0
24	1.69824e-30	0
25	1.7378e-30	0
26	1.77828e-30	0
27	1.8197e-30	0
28	1.86209e-30	0
29	1.90546e-30	0
30	1.94984e-30	0
31	1.99526e-30	0
32	2.04174e-30	0
33	2.0893e-30	0
34	2.13796e-30	0
35	2.18776e-30	0
36	2.23872e-30	0
37	2.29087e-30	0
38	2.34423e-30	0
39	2.39883e-30	0
40	2.45471e-30	0
41	2.51189e-30	0
42	2.5704e-30	0
43	2.63027e-30	0
44	2.69153e-30	0
45	2.75423e-30	0
46	2.81838e-30	0
47	2.88403e-30	0
48	2.95121e-30	0
49	3.01995e-30	0
50	3.0903e-30	0
51	3.16228e-30	0
52	3.23594e-30	0
53	3.31131e-30	0
54	3.38844e-30	0
55	3.46737e-30	0
56	3.54813e-30	0
57	3.63078e-30	0
58	3.71535e-30	0
59	3.80189e-30	0
60	3.89045e-30	0
61	3.98107e-30	0
62	4.0738e-30	0
63	4.16869e-30	0
64	4.2658e-30	0
65	4.36516e-30	0
66	4.46684e-30	0
67	4.57088e-30	0
68	4.67735e-30	0
69	4.7863e-30	0
70	4.89779e-30	0
71	5.01187e-30	0
72	5.12861e-30	0
73	5.24807e-30	0
74	5.37032e-30	0
75	5.49541e-30	0
76	5.62341e-30	0
77	5.7544e-30	0
78	5.88844e-30	0
79	6.0256e-30	0
80	6.16595e-30	0
81	6.30957e-30	0
82	6.45654e-30	0
83	6.60693e-30	0
84	6.76083e-30	0
85	6.91831e-30	0
86	7.07946e-30	0
87	7.24436e-30	0
88	7.4131e-30	0
89	7.58578e-30	0
90	7.76247e-30	0
91	7.94328e-30	0
92	8.12831e-30	0
93	8.31764e-30	0
94	8.51138e-30	0
95	8.70964e-30	0
96	8.91251e-30	0
97	9.12011e-30	0
98	9.33254e-30	0
99	9.54993e-30	0
100	9.77237e-30	0
101	1e-29	0
102	1.02329e-29	0
103	1.04713e-29	0
104	1.07152e-29	0
105	1.09648e-29	0
106	1.12202e-29	0
107	1.14815e-29	0
108	1.1749e-29	0
109	1.20226e-29	0
110	1.23027e-29	0
111	1.25893e-29	0
112	1.28825e-29	0
113	1.31826e-29	0
114	1.34896e-29	0
115	1.38038e-29	0
116	1.41254e-29	0
117	1.44544e-29	0
118	1.47911e-29	0
119	1.51356e-29	0
120	1.54882e-29	0
121	1.58489e-29	0
122	1.62181e-29	0
123	1.65959e-29	0
124	1.69824e-29	0
125	1.7378e-29	0
126	1.77828e-29	0
127	1.8197e-29	0
128	1.86209e-29	0
129	1.90546e-29	0
130	1.94984e-29	0
131	1.99526e-29	0
132	2.04174e-29	0
133	2.0893e-29	0
134	2.13796e-29	0
135	2.18776e-29	0
136	2.23872e-29	0
137	2.29087e-29	0
138	2.34423e-29	0
139	2.39883e-29	0
140	2.45471e-29	0
141	2.51189e-29	0
142	2.5704e-29	0
143	2.63027e-29	0
144	2.69153e-29	0
145	2.75423e-29	0
146	2.81838e-29	0
147	2.88403e-29	0
148	2.95121e-29	0
149	3.01995e-29	0
150	3.0903e-29	0
151	3.16228e-29	0
152	3.23594e-29	0
153	3.31131e-29	0
154	3.38844e-29	0
155	3.46737e-29	0
156	3.54813e-29	0
157	3.63078e-29	0
158	3.71535e-29	0
159	3.80189e-29	0
160	3.89045e-29	0
161	3.98107e-29	0
162	4.0738e-29	0
163	4.16869e-29	0
164	4.2658e-29	0
165	4.36516e-29	0
166	4.46684e-29	0
167	4.57088e-29	0
168	4.67735e-29	0
169	4.7863e-29	0
170	4.89779e-29	0
171	5.01187e-29	0
172	5.12861e-29	0
173	5.24807e-29	0
174	5.37032e-29	0
175	5.49541e-29	0
176	5.62341e-29	0
177	5.7544e-29	0
178	5.88844e-29	0
179	6.0256e-29	0
180	6.16595e-29	0
181	6.30957e-29	0
182	6.45654e-29	0
183	6.60693e-29	0
184	6.76083e-29	0
185	6.91831e-29	0
186	7.07946e-29	0
187	7.24436e-29	0
188	7.4131e-29	0
189	7.58578e-29	0
190	7.76247e-29	0
191	7.94328e-29	0
192	8.12831e-29	0
193	8.31764e-29	0
194	8.51138e-29	0
195	8.70964e-29	0
196	8.91251e-29	0
197	9.12011e-29	0
198	9.33254e-29	0
199	9.54993e-29	0
200	9.77237e-29	0
201	1e-28	0
202	1.02329e-28	0
203	1.04713e-28	0
204	1.07152e-28	0
205	1.09648e-28	0
206	1.12202e-28	0
207	1.14815e-28	0
208	1.1749e-28	0
209	1.20226e-28	0
210	1.23027e-28	0
211	1.25893e-28	0
212	1.28825e-28	0
213	1.31826e-28	0
214	1.34896e-28	0
215	1.38038e-28	0
216	1.41254e-28	0
217	1.44544e-28	0
218	1.47911e-28	0
219	1.51356e-28	0
220	1.54882e-28	0
221	1.58489e-28	0
222	1.62181e-28	0
223	1.65959e-28	0
224	1.69824e-28	0
225	1.7378e-28	0
226	1.77828e-28	0
227	1.8197e-28	0
228	1.86209e-28	0
229	1.90546e-28	0
230	1.94984e-28	0
231	1.99526e-28	0
232	2.04174e-28	0
233	2.0893e-28	0
234	2.13796e-28	0
235	2.18776e-28	0
236	2.23872e-28	0
237	2.29087e-28	0
238	2.34423e-28	0
239	2.39883e-28	0
240	2.45471e-28	0
241	2.51189e-28	0
242	2.5704e-28	0
243	2.63027e-28	0
244	2.69153e-28	0
245	2.75423e-28	0
246	2.81838e-28	0
247	2.88403e-28	0
248	2.95121e-28	0
249	3.01995e-28	0
250	3.0903e-28	0
251	3.16228e-28	0
252	3.23594e-28	0
253	3.31131e-28	0
254	3.38844e-28	0
255	3.46737e-28	0
256	3.54813e-28	0
257	3.63078e-28	0
258	3.71535e-28	0
259	3.80189e-28	0
260	3.89045e-28	0
261	3.98107e-28	0
262	4.0738e-28	0
263	4.16869e-28	0
264	4.2658e-28	0
265	4.36516e-28	0
266	4.46684e-28	0
267	4.57088e-28	0
268	4.67735e-28	0
269	4.7863e-28	0
270	4.89779e-28	0
271	5.01187e-28	0
272	5.12861e-28	0
273	5.24807e-28	0
274	5.37032e-28	0
275	5.49541e-28	0
276	5.62341e-28	0
277	5.7544e-28	0
278	5.88844e-28	0
279	6.0256e-28	0
280	6.16595e-28	0
281	6.30957e-28	0
282	6.45654e-28	0
283	6.60693e-28	0
284	6.76083e-28	0
285	6.91831e-28	0
286	7.07946e-28	0
287	7.24436e-28	0
288	7.4131e-28	0
289	7.58578e-28	0
290	7.76247e-28	0
291	7.94328e-28	0
292	8.12831e-28	0
293	8.31764e-28	0
294	8.51138e-28	0
295	8.70964e-28	0
296	8.91251e-28	0
297	9.12011e-28	0
298	9.33254e-28	0
299	9.54993e-28	0
300	9.77237e-28	0
301	1e-27	0
302	1.02329e-27	0
303	1.04713e-27	0
304	1.07152e-27	0
305	1.09648e-27	0
306	1.12202e-27	0
307	1.14815e-27	0
308	1.1749e-27	0
309	1.20226e-27	0
310	1.23027e-27	0
311	1.25893e-27	0
312	1.28825e-27	0
313	1.31826e-27	0
314	1.34896e-27	0
315	1.38038e-27	0
316	1.41254e-27	0
317	1.44544e-27	0
318	1.47911e-27	0
319	1.51356e-27	0
320	1.54882e-27	0
321	1.58489e-27	0
322	1.62181e-27	0
323	1.65959e-27	0
324	1.69824e-27	0
325	1.7378e-27	0
326	1.77828e-27	0
327	1.8197e-27	0
328	1.86209e-27	0
329	1.90546e-27	0
330	1.94984e-27	0
331	1.99526e-27	0
332	2.04174e-27	0
333	2.0893e-27	0
334	2.13796e-27	0
335	2.18776e-27	0
336	2.23872e-27	0
337	2.29087e-27	0
338	2.34423e-27	0
339	2.39883e-27	0
340	2.45471e-27	0
341	2.51189e-27	0
342	2.5704e-27	0
343	2.63027e-27	0
344	2.69153e-27	0
345	2.75423e-27	0
346	2.81838e-27	0
347	2.88403e-27	0
348	2.95121e-27	0
349	3.01995e-27	0
350	3.0903e-27	0
351	3.16228e-27	0
352	3.23594e-27	0
353	3.31131e-27	0
354	3.38844e-27	0
355	3.46737e-27	0
356	3.54813e-27	0
357	3.63078e-27	0
358	3.71535e-27	0
359	3.80189e-27	0
360	3.89045e-27	0
361	3.98107e-27	0
362	4.0738e-27	0
363	4.16869e-27	0
364	4.2658e-27	0
365	4.36516e-27	0
366	4.46684e-27	0
367	4.57088e-27	0
368	4.67735e-27	0
369	4.7863e-27	0
370	4.89779e-27	0
371	5.01187e-27	0
372	5.12861e-27	0
373	5.24807e-27	0
374	5.37032e-27	0
375	5.49541e-27	0
376	5.62341e-27	0
377	5.7544e-27	0
378	5.88844e-27	0
379	6.0256e-27	0
380	6.16595e-27	0
381	6.30957e-27	0
382	6.45654e-27	0
383	6.60693e-27	0
384	6.76083e-27	0
385	6.91831e-27	0
386	7.07946e-27	0
387	7.24436e-27	0
388	7.4131e-27	0
389	7.58578e-27	0
390	7.76247e-27	0
391	7.94328e-27	0
392	8.12831e-27	0
393	8.31764e-27	0
394	8.51138e-27	0
395	8.70964e-27	0
396	8.91251e-27	0
397	9.12011e-27	0
398	9.33254e-27	0
399	9.54993e-27	0
400	9.77237e-27	0
401	1e-26	0
402	1.02329e-26	0
403	1.04713e-26	0
404	1.07152e-26	0
405	1.09648e-26	0
406	1.12202e-26	0
407	1.14815e-26	0
408	1.1749e-26	0
409	1.20226e-26	0
410	1.23027e-26	0
411	1.25893e-26	0
412	1.28825e-26	0
413	1.31826e-26	0
414	1.34896e-26	0
415	1.38038e-26	0
416	1.41254e-26	0
417	1.44544e-26	0
418	1.47911e-26	0
419	1.51356e-26	0
420	1.54882e-26	0
421	1.58489e-26	0
422	1.62181e-26	0
423	1.65959e-26	0
424	1.69824e-26	0
425	1.7378e-26	0
426	1.77828e-26	0
427	1.8197e-26	0
428	1.86209e-26	0
429	1.90546e-26	0
430	1.94984e-26	0
431	1.99526e-26	0
432	2.04174e-26	0
433	2.0893e-26	0
434	2.13796e-26	0
435	2.18776e-26	0
436	2.23872e-26	0
437	2.29087e-26	0
438	2.34423e-26	0
439	2.39883e-26	0
440	2.45471e-26	0
441	2.51189e-26	0
442	2.5704e-26	0
443	2.63027e-26	0
444	2.69153e-26	0
445	2.75423e-26	0
446	2.81838e-26	0
447	2.88403e-26	0
448	2.95121e-26	0
449	3.01995e-26	0
450	3.0903e-26	0
451	3.16228e-26	0
452	3.23594e-26	0
453	3.31131e-26	0
454	3.38844e-26	0
455	3.46737e-26	0
456	3.54813e-26	0
457	3.63078e-26	0
458	3.71535e-26	0
459	3.80189e-26	0
460	3.89045e-26	0
461	3.98107e-26	0
462	4.0738e-26	0
463	4.16869e-26	0
464	4.2658e-26	0
465	4.36516e-26	0
466	4.46684e-26	0
467	4.57088e-26	0
468	4.67735e-26	0
469	4.7863e-26	0
470	4.89779e-26	0
471	5.01187e-26	0
472	5.12861e-26	0
473	5.24807e-26	0
474	5.37032e-26	0
475	5.49541e-26	0
476	5.62341e-26	0
477	5.7544e-26	0
478	5.88844e-26	0
479	6.0256e-26	0
480	6.16595e-26	0
481	6.30957e-26	0
482	6.45654e-26	0
483	6.60693e-26	0
484	6.76083e-26	0
485	6.91831e-26	0
486	7.07946e-26	0
487	7.24436e-26	0
488	7.4131e-26	0
489	7.58578e-26	0
490	7.76247e-26	0
491	7.94328e-26	0
492	8.12831e-26	0
493	8.31764e-26	0
494	8.51138e-26	0
495	8.70964e-26	0
496	8.91251e-26	0
497	9.12011e-26	0
498	9.33254e-26	0
499	9.54993e-26	0
500	9.77237e-26	0
501	1e-25	0
502	1.02329e-25	0
503	1.04713e-25	0
504	1.07152e-25	0
505	1.09648e-25	0
506	1.12202e-25	0
507	1.14815e-25	0
508	1.1749e-25	0
509	1.20226e-25	0
510	1.23027e-25	0
511	1.25893e-25	0
512	1.28825e-25	0
513	1.31826e-25	0
514	1.34896e-25	0
515	1.38038e-25	0
516	1.41254e-25	0
517	1.44544e-25	0
518	1.47911e-25	0
519	1.51356e-25	0
520	1.54882e-25	0
521	1.58489e-25	0
522	1.62181e-25	0
523	1.65959e-25	0
524	1.69824e-25	0
525	1.7378e-25	0
526	1.77828e-25	0
527	1.8197e-25	0
528	1.86209e-25	0
529	1.90546e-25	0
530	1.94984e-25	0
531	1.99526e-25	0
532	2.04174e-25	0
533	2.0893e-25	0
534	2.13796e-25	0
535	2.18776e-25	0
536	2.23872e-25	0
537	2.29087e-25	0
538	2.34423e-25	0
539	2.39883e-25	0
540	2.45471e-25	0
541	2.51189e-25	0
542	2.5704e-25	0
543	2.63027e-25	0
544	2.69153e-25	0
545	2.75423e-25	0
546	2.81838e-25	0
547	2.88403e-25	0
548	2.95121e-25	0
549	3.01995e-25	0
550	3.0903e-25	0
551	3.16228e-25	0
552	3.23594e-25	0
553	3.31131e-25	0
554	3.38844e-25	0
555	3.46737e-25	0
556	3.54813e-25	0
557	3.63078e-25	0
558	3.71535e-25	0
559	3.80189e-25	0
560	3.89045e-25	0
561	3.98107e-25	0
562	4.0738e-25	0
563	4.16869e-25	0
564	4.2658e-25	0
565	4.36516e-25	0
566	4.46684e-25	0
567	4.57088e-25	0
568	4.67735e-25	0
569	4.7863e-25	0
570	4.89779e-25	0
571	5.01187e-25	0
572	5.12861e-25	0
573	5.24807e-25	0
574	5.37032e-25	0
575	5.49541e-25	0
576	5.62341e-25	0
577	5.7544e-25	0
578	5.88844e-25	0
579	6.0256e-25	0
580	6.16595e-25	0
581	6.30957e-25	0
582	6.45654e-25	0
583	6.60693e-25	0
584	6.76083e-25	0
585	6.91831e-25	0
586	7.07946e-25	0
587	7.24436e-25	0
588	7.4131e-25	0
589	7.58578e-25	0
590	7.76247e-25	0
591	7.94328e-25	0
592	8.12831e-25	0
593	8.31764e-25	0
594	8.51138e-25	0
595	8.70964e-25	0
596	8.91251e-25	0
597	9.12011e-25	0
598	9.33254e-25	0
599	9.54993e-25	0
600	9.77237e-25	0
601	1e-24	0
602	1.02329e-24	0
603	1.04713e-24	0
604	1.07152e-24	0
605	1.09648e-24	0
606	1.12202e-24	0
607	1.14815e-24	0
608	1.1749e-24	0
609	1.20226e-24	0
610	1.23027e-24	0
611	1.25893e-24	0
612	1.28825e-24	0
613	1.31826e-24	0
614	1.34896e-24	0
615	1.38038e-24	0
616	1.41254e-24	0
617	1.44544e-24	0
618	1.47911e-24	0
619	1.51356e-24	0
620	1.54882e-24	0
621	1.58489e-24	0
622	1.62181e-24	0
623	1.65959e-24	0
624	1.69824e-24	0
625	1.7378e-24	0
626	1.77828e-24	0
627	1.8197e-24	0
628	1.86209e-24	0
629	1.90546e-24	0
630	1.94984e-24	0
631	1.99526e-24	0
632	2.04174e-24	0
633	2.0893e-24	0
634	2.13796e-24	0
635	2.18776e-24	0
636	2.23872e-24	0
637	2.29087e-24	0
638	2.34423e-24	0
639	2.39883e-24	0
640	2.45471e-24	0
641	2.51189e-24	0
642	2.5704e-24	0
643	2.63027e-24	0
644	2.69153e-24	0
645	2.75423e-24	0
646	2.81838e-24	0
647	2.88403e-24	0
648	2.95121e-24	0
649	3.01995e-24	0
650	3.0903e-24	0
651	3.16228e-24	0
652	3.23594e-24	0
653	3.31131e-24	0
654	3.38844e-24	0
655	3.46737e-24	0
656	3.54813e-24	0
657	3.63078e-24	0
658	3.71535e-24	0
659	3.80189e-24	0
660	3.89045e-24	0
661	3.98107e-24	0
662	4.0738e-24	0
663	4.16869e-24	0
664	4.2658e-24	0
665	4.36516e-24	0
666	4.46684e-24	0
667	4.57088e-24	0
668	4.67735e-24	0
669	4.7863e-24	0
670	4.89779e-24	0
671	5.01187e-24	0
672	5.12861e-24	0
673	5.24807e-24	0
674	5.37032e-24	0
675	5.49541e-24	0
676	5.62341e-24	0
677	5.7544e-24	0
678	5.88844e-24	0
679	6.0256e-24	0
680	6.16595e-24	0
681	6.30957e-24	0
682	6.45654e-24	0
683	6.60693e-24	0
684	6.76083e-24	0
685	6.91831e-24	0
686	7.07946e-24	0
687	7.24436e-24	0
688	7.4131e-24	0
689	7.58578e-24	0
690	7.76247e-24	0
691	7.94328e-24	0
692	8.12831e-24	0
693	8.31764e-24	0
694	8.51138e-24	0
695	8.70964e-24	0
696	8.91251e-24	0
697	9.12011e-24	0
698	9.33254e-24	0
699	9.54993e-24	0
700	9.77237e-24	0
701	1e-23	0
702	1.02329e-23	0
703	1.04713e-23	0
704	1.07152e-23	0
705	1.09648e-23	0
706	1.12202e-23	0
707	1.14815e-23	0
708	1.1749e-23	0
709	1.20226e-23	0
710	1.23027e-23	0
711	1.25893e-23	0
712	1.28825e-23	0
713	1.31826e-23	0
714	1.34896e-23	0
715	1.38038e-23	0
716	1.41254e-23	0
717	1.44544e-23	0
718	1.47911e-23	0
719	1.51356e-23	0
720	1.54882e-23	0
721	1.58489e-23	0
722	1.62181e-23	0
723	1.65959e-23	0
724	1.69824e-23	0
725	1.7378e-23	0
726	1.77828e-23	0
727	1.8197e-23	0
728	1.86209e-23	0
729	1.90546e-23	0
730	1.94984e-23	0
731	1.99526e-23	0
732	2.04174e-23	0
733	2.0893e-23	0
734	2.13796e-23	0
735	2.18776e-23	0
736	2.23872e-23	0
737	2.29087e-23	0
738	2.34423e-23	0
739	2.39883e-23	0
740	2.45471e-23	0
741	2.51189e-23	0
742	2.5704e-23	0
743	2.63027e-23	0
744	2.69153e-23	0
745	2.75423e-23	0
746	2.81838e-23	0
747	2.88403e-23	0
748	2.95121e-23	0
749	3.01995e-23	0
750	3.0903e-23	0
751	3.16228e-23	0
752	3.23594e-23	0
753	3.31131e-23	0
754	3.38844e-23	0
755	3.46737e-23	0
756	3.54813e-23	0
757	3.63078e-23	0
758	3.71535e-23	0
759	3.80189e-23	0
760	3.89045e-23	0
761	3.98107e-23	0
762	4.0738e-23	0
763	4.16869e-23	0
764	4.2658e-23	0
765	4.36516e-23	0
766	4.46684e-23	0
767	4.57088e-23	0
768	4.67735e-23	0
769	4.7863e-23	0
770	4.89779e-23	0
771	5.01187e-23	0
772	5.12861e-23	0
773	5.24807e-23	0
774	5.37032e-23	0
775	5.49541e-23	0
776	5.62341e-23	0
777	5.7544e-23	0
778	5.88844e-23	0
779	6.0256e-23	0
780	6.16595e-23	0
781	6.30957e-23	0
782	6.45654e-23	0
783	6.60693e-23	0
784	6.76083e-23	0
785	6.91831e-23	0
786	7.07946e-23	0
787	7.24436e-23	0
788	7.4131e-23	0
789	7.58578e-23	0
790	7.76247e-23	0
791	7.94328e-23	0
792	8.12831e-23	0
793	8.31764e-23	0
794	8.51138e-23	0
795	8.70964e-23	0
796	8.91251e-23	0
797	9.12011e-23	0
798	9.33254e-23	0
799	9.54993e-23	0
800	9.77237e-23	0
801	1e-22	0
802	1.02329e-22	0
803	1.04713e-22	0
804	1.07152e-22	0
805	1.09648e-22	0
806	1.12202e-22	0
807	1.14815e-22	0
808	1.1749e-22	0
809	1.20226e-22	0
810	1.23027e-22	0
811	1.25893e-22	0
812	1.28825e-22	0
813	1.31826e-22	0
814	1.34896e-22	0
815	1.38038e-22	0
816	1.41254e-22	0
817	1.44544e-22	0
818	1.47911e-22	0
819	1.51356e-22	0
820	1.54882e-22	0
821	1.58489e-22	0
822	1.62181e-22	0
823	1.65959e-22	0
824	1.69824e-22	0
825	1.7378e-22	0
826	1.77828e-22	0
827	1.8197e-22	0
828	1.86209e-22	0
829	1.90546e-22	0
830	1.94984e-22	0
831	1.99526e-22	0
832	2.04174e-22	0
833	2.0893e-22	0
834	2.13796e-22	0
835	2.18776e-22	0
836	2.23872e-22	0
837	2.29087e-22	0
838	2.34423e-22	0
839	2.39883e-22	0
840	2.45471e-22	0
841	2.51189e-22	0
842	2.5704e-22	0
843	2.63027e-22	0
844	2.69153e-22	0
845	2.75423e-22	0
846	2.81838e-22	0
847	2.88403e-22	0
848	2.95121e-22	0
849	3.01995e-22	0
850	3.0903e-22	0
851	3.16228e-22	0
852	3.23594e-22	0
853	3.31131e-22	0
854	3.38844e-22	0
855	3.46737e-22	0
856	3.54813e-22	0
857	3.63078e-22	0
858	3.71535e-22	0
859	3.80189e-22	0
860	3.89045e-22	0
861	3.98107e-22	0
862	4.0738e-22	0
863	4.16869e-22	0
864	4.2658e-22	0
865	4.36516e-22	0
866	4.46684e-22	0
867	4.57088e-22	0
868	4.67735e-22	0
869	4.7863e-22	0
870	4.89779e-22	0
871	5.01187e-22	0
872	5.12861e-22	0
873	5.24807e-22	0
874	5.37032e-22	0
875	5.49541e-22	0
876	5.62341e-22	0
877	5.7544e-22	0
878	5.88844e-22	0
879	6.0256e-22	0
880	6.16595e-22	0
881	6.30957e-22	0
882	6.45654e-22	0
883	6.60693e-22	0
884	6.76083e-22	0
885	6.91831e-22	0
886	7.07946e-22	0
887	7.24436e-22	0
888	7.4131e-22	0
889	7.58578e-22	0
890	7.76247e-22	0
891	7.94328e-22	0
892	8.12831e-22	0
893	8.31764e-22	0
894	8.51138e-22	0
895	8.70964e-22	0
896	8.91251e-22	0
897	9.12011e-22	0
898	9.33254e-22	0
899	9.54993e-22	0
900	9.77237e-22	0
901	1e-21	0
902	1.02329e-21	0
903	1.04713e-21	0
904	1.07152e-21	0
905	1.09648e-21	0
906	1.12202e-21	0
907	1.14815e-21	0
908	1.1749e-21	0
909	1.20226e-21	0
910	1.23027e-21	0
911	1.25893e-21	0
912	1.28825e-21	0
913	1.31826e-21	0
914	1.34896e-21	0
915	1.38038e-21	0
916	1.41254e-21	0
917	1.44544e-21	0
918	1.47911e-21	0
919	1.51356e-21	0
920	1.54882e-21	0
921	1.58489e-21	0
922	1.62181e-21	0
923	1.65959e-21	0
924	1.69824e-21	0
925	1.7378e-21	0
926	1.77828e-21	0
927	1.8197e-21	0
928	1.86209e-21	0
929	1.90546e-21	0
930	1.94984e-21	0
931	1.99526e-21	0
932	2.04174e-21	0
933	2.0893e-21	0
934	2.13796e-21	0
935	2.18776e-21	0
936	2.23872e-21	0
937	2.29087e-21	0
938	2.34423e-21	0
939	2.39883e-21	0
940	2.45471e-21	0
941	2.51189e-21	0
942	2.5704e-21	0
943	2.63027e-21	0
944	2.69153e-21	0
945	2.75423e-21	0
946	2.81838e-21	0
947	2.88403e-21	0
948	2.95121e-21	0
949	3.01995e-21	0
950	3.0903e-21	0
951	3.16228e-21	0
952	3.23594e-21	0
953	3.31131e-21	0
954	3.38844e-21	0
955	3.46737e-21	0
956	3.54813e-21	0
957	3.63078e-21	0
958	3.71535e-21	0
959	3.80189e-21	0
960	3.89045e-21	0
961	3.98107e-21	0
962	4.0738e-21	0
963	4.16869e-21	0
964	4.2658e-21	0
965	4.36516e-21	0
966	4.46684e-21	0
967	4.57088e-21	0
968	4.67735e-21	0
969	4.7863e-21	0
970	4.89779e-21	0
971	5.01187e-21	0
972	5.12861e-21	0
973	5.24807e-21	0
974	5.37032e-21	0
975	5.49541e-21	0
976	5.62341e-21	0
977	5.7544e-21	0
978	5.88844e-21	0
979	6.0256e-21	0
980	6.16595e-21	0
981	6.30957e-21	0
982	6.45654e-21	0
983	6.60693e-21	0
984	6.76083e-21	0
985	6.91831e-21	0
986	7.07946e-21	0
987	7.24436e-21	0
988	7.4131e-21	0
989	7.58578e-21	0
990	7.76247e-21	0
991	7.94328e-21	0
992	8.12831e-21	0
993	8.31764e-21	0
994	8.51138e-21	0
995	8.70964e-21	0
996	8.91251e-21	0
997	9.12011e-21	0
998	9.33254e-21	0
999	9.54993e-21	0
1000	9.77237e-21	0
1001	1e-20	0
1002	1.02329e-20	0
1003	1.04713e-20	0
1004	1.07152e-20	0
1005	1.09648e-20	0
1006	1.12202e-20	0
1007	1.14815e-20	0
1008	1.1749e-20	0
1009	1.20226e-20	0
1010	1.23027e-20	0
1011	1.25893e-20	0
1012	1.28825e-20	0
1013	1.31826e-20	0
1014	1.34896e-20	0
1015	1.38038e-20	0
1016	1.41254e-20	0
1017	1.44544e-20	0
1018	1.47911e-20	0
1019	1.51356e-20	0
1020	1.54882e-20	0
1021	1.58489e-20	0
1022	1.62181e-20	0
1023	1.65959e-20	0
1024	1.69824e-20	0
1025	1.7378e-20	0
1026	1.77828e-20	0
1027	1.8197e-20	0
1028	1.86209e-20	0
1029	1.90546e-20	0
1030	1.94984e-20	0
1031	1.99526e-20	0
1032	2.04174e-20	0
1033	2.0893e-20	0
1034	2.13796e-20	0
1035	2.18776e-20	0
1036	2.23872e-20	0
1037	2.29087e-20	0
1038	2.34423e-20	0
1039	2.39883e-20	0
1040	2.45471e-20	0
1041	2.51189e-20	0
1042	2.5704e-20	0
1043	2.63027e-20	0
1044	2.69153e-20	0
1045	2.75423e-20	0
1046	2.81838e-20	0
1047	2.88403e-20	0
1048	2.95121e-20	0
1049	3.01995e-20	0
1050	3.0903e-20	0
1051	3.16228e-20	0
1052	3.23594e-20	0
1053	3.31131e-20	0
1054	3.38844e-20	0
1055	3.46737e-20	0
1056	3.54813e-20	0
1057	3.63078e-20	0
1058	3.71535e-20	0
1059	3.80189e-20	0
1060	3.89045e-20	0
1061	3.98107e-20	0
1062	4.0738e-20	0
1063	4.16869e-20	0
1064	4.2658e-20	0
1065	4.36516e-20	0
1066	4.46684e-20	0
1067	4.57088e-20	0
1068	4.67735e-20	0
1069	4.7863e-20	0
1070	4.89779e-20	0
1071	5.01187e-20	0
1072	5.12861e-20	0
1073	5.24807e-20	0
1074	5.37032e-20	0
1075	5.49541e-20	0
1076	5.62341e-20	0
1077	5.7544e-20	0
1078	5.88844e-20	0
1079	6.0256e-20	0
1080	6.16595e-20	0
1081	6.30957e-20	0
1082	6.45654e-20	0
1083	6.60693e-20	0
1084	6.76083e-20	0
1085	6.91831e-20	0
1086	7.07946e-20	0
1087	7.24436e-20	0
1088	7.4131e-20	0
1089	7.58578e-20	0
1090	7.76247e-20	0
1091	7.94328e-20	0
1092	8.12831e-20	0
1093	8.31764e-20	0
1094	8.51138e-20	0
1095	8.70964e-20	0
1096	8.91251e-20	0
1097	9.12011e-20	0
1098	9.33254e-20	0
1099	9.54993e-20	0
1100	9.77237e-20	0
1101	1e-19	0
1102	1.02329e-19	0
1103	1.04713e-19	0
1104	1.07152e-19	0
1105	1.09648e-19	0
1106	1.12202e-19	0
1107	1.14815e-19	0
1108	1.1749e-19	0
1109	1.20226e-19	0
1110	1.23027e-19	0
1111	1.25893e-19	0
1112	1.28825e-19	0
1113	1.31826e-19	0
1114	1.34896e-19	0
1115	1.38038e-19	0
1116	1.41254e-19	0
1117	1.44544e-19	0
1118	1.47911e-19	0
1119	1.51356e-19	0
1120	1.54882e-19	0
1121	1.58489e-19	0
1122	1.62181e-19	0
1123	1.65959e-19	0
1124	1.69824e-19	0
1125	1.7378e-19	0
1126	1.77828e-19	0
1127	1.8197e-19	0
1128	1.86209e-19	0
1129	1.90546e-19	0
1130	1.94984e-19	0
1131	1.99526e-19	0
1132	2.04174e-19	0
1133	2.0893e-19	0
1134	2.13796e-19	0
1135	2.18776e-19	0
1136	2.23872e-19	0
1137	2.29087e-19	0
1138	2.34423e-19	0
1139	2.39883e-19	0
1140	2.45471e-19	0
1141	2.51189e-19	0
1142	2.5704e-19	0
1143	2.63027e-19	0
1144	2.69153e-19	0
1145	2.75423e-19	0
1146	2.81838e-19	0
1147	2.88403e-19	0
1148	2.95121e-19	0
1149	3.01995e-19	0
1150	3.0903e-19	0
1151	3.16228e-19	0
1152	3.23594e-19	0
1153	3.31131e-19	0
1154	3.38844e-19	0
1155	3.46737e-19	0
1156	3.54813e-19	0
1157	3.63078e-19	0
1158	3.71535e-19	0
1159	3.80189e-19	0
1160	3.89045e-19	0
1161	3.98107e-19	0
1162	4.0738e-19	0
1163	4.16869e-19	0
1164	4.2658e-19	0
1165	4.36516e-19	0
1166	4.46684e-19	0
1167	4.57088e-19	0
1168	4.67735e-19	0
1169	4.7863e-19	0
1170	4.89779e-19	0
1171	5.01187e-19	0
1172	5.12861e-19	0
1173	5.24807e-19	0
1174	5.37032e-19	0
1175	5.49541e-19	0
1176	5.62341e-19	0
1177	5.7544e-19	0
1178	5.88844e-19	0
1179	6.0256e-19	0
1180	6.16595e-19	0
1181	6.30957e-19	0
1182	6.45654e-19	0
1183	6.60693e-19	0
1184	6.76083e-19	0
1185	6.91831e-19	0
1186	7.07946e-19	0
1187	7.24436e-19	0
1188	7.4131e-19	0
1189	7.58578e-19	0
1190	7.76247e-19	0
1191	7.94328e-19	0
1192	8.12831e-19	0
1193	8.31764e-19	0
1194	8.51138e-19	0
1195	8.70964e-19	0
1196	8.91251e-19	0
1197	9.12011e-19	0
1198	9.33254e-19	0
1199	9.54993e-19	0
1200	9.77237e-19	0
1201	1e-18	0
1202	1.02329e-18	0
1203	1.04713e-18	0
1204	1.07152e-18	0
1205	1.09648e-18	0
1206	1.12202e-18	0
1207	1.14815e-18	0
1208	1.1749e-18	0
1209	1.20226e-18	0
1210	1.23027e-18	0
1211	1.25893e-18	0
1212	1.28825e-18	0
1213	1.31826e-18	0
1214	1.34896e-18	0
1215	1.38038e-18	0
1216	1.41254e-18	0
1217	1.44544e-18	0
1218	1.47911e-18	0
1219	1.51356e-18	0
1220	1.54882e-18	0
1221	1.58489e-18	0
1222	1.62181e-18	0
1223	1.65959e-18	0
1224	1.69824e-18	0
1225	1.7378e-18	0
1226	1.77828e-18	0
1227	1.8197e-18	0
1228	1.86209e-18	0
1229	1.90546e-18	0
1230	1.94984e-18	0
1231	1.99526e-18	0
1232	2.04174e-18	0
1233	2.0893e-18	0
1234	2.13796e-18	0
1235	2.18776e-18	0
1236	2.23872e-18	0
1237	2.29087e-18	0
1238	2.34423e-18	0
1239	2.39883e-18	0
1240	2.45471e-18	0
1241	2.51189e-18	0
1242	2.5704e-18	0
1243	2.63027e-18	0
1244	2.69153e-18	0
1245	2.75423e-18	0
1246	2.81838e-18	0
1247	2.88403e-18	0
1248	2.95121e-18	0
1249	3.01995e-18	0
1250	3.0903e-18	0
1251	3.16228e-18	0
1252	3.23594e-18	0
1253	3.31131e-18	0
1254	3.38844e-18	0
1255	3.46737e-18	0
1256	3.54813e-18	0
1257	3.63078e-18	0
1258	3.71535e-18	0
1259	3.80189e-18	0
1260	3.89045e-18	0
1261	3.98107e-18	0
1262	4.0738e-18	0
1263	4.16869e-18	0
1264	4.2658e-18	0
1265	4.36516e-18	0
1266	4.46684e-18	0
1267	4.57088e-18	0
1268	4.67735e-18	0
1269	4.7863e-18	0
1270	4.89779e-18	0
1271	5.01187e-18	0
1272	5.12861e-18	0
1273	5.24807e-18	0
1274	5.37032e-18	0
1275	5.49541e-18	0
1276	5.62341e-18	0
1277	5.7544e-18	0
1278	5.88844e-18	0
1279	6.0256e-18	0
1280	6.16595e-18	0
1281	6.30957e-18	0
1282	6.45654e-18	0
1283	6.60693e-18	0
1284	6.76083e-18	0
1285	6.91831e-18	0
1286	7.07946e-18	0
1287	7.24436e-18	0
1288	7.4131e-18	0
1289	7.58578e-18	0
1290	7.76247e-18	0
1291	7.94328e-18	0
1292	8.12831e-18	0
1293	8.31764e-18	0
1294	8.51138e-18	0
1295	8.70964e-18	0
1296	8.91251e-18	0
1297	9.12011e-18	0
1298	9.33254e-18	0
1299	9.54993e-18	0
1300	9.77237e-18	0
1301	1e-17	0
1302	1.02329e-17	0
1303	1.04713e-17	0
1304	1.07152e-17	0
1305	1.09648e-17	0
1306	1.12202e-17	0
1307	1.14815e-17	0
1308	1.1749e-17	0
1309	1.20226e-17	0
1310	1.23027e-17	0
1311	1.25893e-17	0
1312	1.28825e-17	0
1313	1.31826e-17	0
1314	1.34896e-17	0
1315	1.38038e-17	0
1316	1.41254e-17	0
1317	1.44544e-17	0
1318	1.47911e-17	0
1319	1.51356e-17	0
1320	1.54882e-17	0
1321	1.58489e-17	0
1322	1.62181e-17	0
1323	1.65959e-17	0
1324	1.69824e-17	0
1325	1.7378e-17	0
1326	1.77828e-17	0
1327	1.8197e-17	0
1328	1.86209e-17	0
1329	1.90546e-17	0
1330	1.94984e-17	0
1331	1.99526e-17	0
1332	2.04174e-17	0
1333	2.0893e-17	0
1334	2.13796e-17	0
1335	2.18776e-17	0
1336	2.23872e-17	0
1337	2.29087e-17	0
1338	2.34423e-17	0
1339	2.39883e-17	0
1340	2.45471e-17	0
1341	2.51189e-17	0
1342	2.5704e-17	0
1343	2.63027e-17	0
1344	2.69153e-17	0
1345	2.75423e-17	0
1346	2.81838e-17	0
1347	2.88403e-17	0
1348	2.95121e-17	0
1349	3.01995e-17	0
1350	3.0903e-17	0
1351	3.16228e-17	0
1352	3.23594e-17	0
1353	3.31131e-17	0
1354	3.38844e-17	0
1355	3.46737e-17	0
1356	3.54813e-17	0
1357	3.63078e-17	0
1358	3.71535e-17	0
1359	3.80189e-17	0
1360	3.89045e-17	0
1361	3.98107e-17	0
1362	4.0738e-17	0
1363	4.16869e-17	0
1364	4.2658e-17	0
1365	4.36516e-17	0
1366	4.46684e-17	0
1367	4.57088e-17	0
1368	4.67735e-17	0
1369	4.7863e-17	0
1370	4.89779e-17	0
1371	5.01187e-17	0
1372	5.12861e-17	0
1373	5.24807e-17	0
1374	5.37032e-17	0
1375	5.49541e-17	0
1376	5.62341e-17	0
1377	5.7544e-17	0
1378	5.88844e-17	0
1379	6.0256e-17	0
1380	6.16595e-17	0
1381	6.30957e-17	0
1382	6.45654e-17	0
1383	6.60693e-17	0
1384	6.76083e-17	0
1385	6.91831e-17	0
1386	7.07946e-17	0
1387	7.24436e-17	0
1388	7.4131e-17	0
1389	7.58578e-17	0
1390	7.76247e-17	0
1391	7.94328e-17	0
1392	8.12831e-17	0
1393	8.31764e-17	0
1394	8.51138e-17	0
1395	8.70964e-17	0
1396	8.91251e-17	0
1397	9.12011e-17	0
1398	9.33254e-17	0
1399	9.54993e-17	0
1400	9.77237e-17	0
1401	1e-16	0
1402	1.02329e-16	0
1403	1.04713e-16	0
1404	1.07152e-16	0
1405	1.09648e-16	0
1406	1.12202e-16	1.11022e-16
1407	1.14815e-16	1.11022e-16
1408	1.1749e-16	1.11022e-16
1409	1.20226e-16	1.11022e-16
1410	1.23027e-16	1.11022e-16
1411	1.25893e-16	1.11022e-16
1412	1.28825e-16	1.11022e-16
1413	1.31826e-16	1.11022e-16
1414	1.34896e-16	1.11022e-16
1415	1.38038e-16	1.11022e-16
1416	1.41254e-16	1.11022e-16
1417	1.44544e-16	1.11022e-16
1418	1.47911e-16	1.11022e-16
1419	1.51356e-16	1.11022e-16
1420	1.54882e-16	1.11022e-16
1421	1.58489e-16	1.11022e-16
1422	1.62181e-16	1.11022e-16
1423	1.65959e-16	1.11022e-16
1424	1.69824e-16	1.11022e-16
1425	1.7378e-16	1.11022e-16
1426	1.77828e-16	1.11022e-16
1427	1.8197e-16	1.11022e-16
1428	1.86209e-16	1.11022e-16
1429	1.90546e-16	1.11022e-16
1430	1.94984e-16	1.11022e-16
1431	1.99526e-16	1.11022e-16
1432	2.04174e-16	1.11022e-16
1433	2.0893e-16	1.11022e-16
1434	2.13796e-16	1.11022e-16
1435	2.18776e-16	1.11022e-16
1436	2.23872e-16	1.11022e-16
1437	2.29087e-16	1.11022e-16
1438	2.34423e-16	1.11022e-16
1439	2.39883e-16	1.11022e-16
1440	2.45471e-16	1.11022e-16
1441	2.51189e-16	1.11022e-16
1442	2.5704e-16	1.11022e-16
1443	2.63027e-16	1.11022e-16
1444	2.69153e-16	1.11022e-16
1445	2.75423e-16	1.11022e-16
1446	2.81838e-16	1.11022e-16
1447	2.88403e-16	1.11022e-16
1448	2.95121e-16	1.11022e-16
1449	3.01995e-16	1.11022e-16
1450	3.0903e-16	1.11022e-16
1451	3.16228e-16	1.11022e-16
1452	3.23594e-16	1.11022e-16
1453	3.31131e-16	1.11022e-16
1454	3.38844e-16	2.22045e-16
1455	3.46737e-16	2.22045e-16
1456	3.54813e-16	2.22045e-16
1457	3.63078e-16	2.22045e-16
1458	3.71535e-16	2.22045e-16
1459	3.80189e-16	2.22045e-16
1460	3.89045e-16	2.22045e-16
1461	3.98107e-16	2.22045e-16
1462	4.0738e-16	2.22045e-16
1463	4.16869e-16	2.22045e-16
1464	4.2658e-16	2.22045e-16
1465	4.36516e-16	2.22045e-16
1466	4.46684e-16	0
1467	4.57088e-16	0
1468	4.67735e-16	0
1469	4.7863e-16	0
1470	4.89779e-16	0
1471	5.01187e-16	0
1472	5.12861e-16	0
1473	5.24807e-16	0
1474	5.37032e-16	0
1475	5.49541e-16	0
1476	5.62341e-16	0
1477	5.7544e-16	0
1478	5.88844e-16	0
1479	6.0256e-16	0
1480	6.16595e-16	0
1481	6.30957e-16	0
1482	6.45654e-16	0
1483	6.60693e-16	0
1484	6.76083e-16	0
1485	6.91831e-16	0
1486	7.07946e-16	0
1487	7.24436e-16	0
1488	7.4131e-16	0
1489	7.58578e-16	0
1490	7.76247e-16	0
1491	7.94328e-16	0
1492	8.12831e-16	0
1493	8.31764e-16	0
1494	8.51138e-16	0
1495	8.70964e-16	0
1496	8.91251e-16	0
1497	9.12011e-16	0
1498	9.33254e-16	0
1499	9.54993e-16	0
1500	9.77237e-16	0
1501	1e-15	0
1502	1.02329e-15	0
1503	1.04713e-15	0
1504	1.07152e-15	0
1505	1.09648e-15	0
1506	1.12202e-15	0
1507	1.14815e-15	0
1508	1.1749e-15	0
1509	1.20226e-15	0
1510	1.23027e-15	0
1511	1.25893e-15	0
1512	1.28825e-15	0
1513	1.31826e-15	0
1514	1.34896e-15	0
1515	1.38038e-15	0
1516	1.41254e-15	0
1517	1.44544e-15	0
1518	1.47911e-15	0
1519	1.51356e-15	0
1520	1.54882e-15	0
1521	1.58489e-15	0
1522	1.62181e-15	0
1523	1.65959e-15	0
1524	1.69824e-15	0
1525	1.7378e-15	0
1526	1.77828e-15	0
1527	1.8197e-15	0
1528	1.86209e-15	0
1529	1.90546e-15	0
1530	1.94984e-15	0
1531	1.99526e-15	0
1532	2.04174e-15	0
1533	2.0893e-15	0
1534	2.13796e-15	0
1535	2.18776e-15	0
1536	2.23872e-15	0
1537	2.29087e-15	0
1538	2.34423e-15	0
1539	2.39883e-15	0
1540	2.45471e-15	0
1541	2.51189e-15	0
1542	2.5704e-15	0
1543	2.63027e-15	0
1544	2.69153e-15	0
1545	2.75423e-15	0
1546	2.81838e-15	0
1547	2.88403e-15	0
1548	2.95121e-15	0
1549	3.01995e-15	0
1550	3.0903e-15	0
1551	3.16228e-15	0
1552	3.23594e-15	0
1553	3.31131e-15	0
1554	3.38844e-15	0
1555	3.46737e-15	0
1556	3.54813e-15	0
1557	3.63078e-15	0
1558	3.71535e-15	0
1559	3.80189e-15	0
1560	3.89045e-15	0
1561	3.98107e-15	0
1562	4.0738e-15	0
1563	4.16869e-15	0
1564	4.2658e-15	0
1565	4.36516e-15	0
1566	4.46684e-15	0
1567	4.57088e-15	0
1568	4.67735e-15	0
1569	4.7863e-15	0
1570	4.89779e-15	0
1571	5.01187e-15	0
1572	5.12861e-15	0
1573	5.24807e-15	0
1574	5.37032e-15	0
1575	5.49541e-15	0
1576	5.62341e-15	0
1577	5.7544e-15	0
1578	5.88844e-15	0
1579	6.0256e-15	0
1580	6.16595e-15	0
1581	6.30957e-15	0
1582	6.45654e-15	0
1583	6.60693e-15	0
1584	6.76083e-15	0
1585	6.91831e-15	0
1586	7.07946e-15	0
1587	7.24436e-15	0
1588	7.4131e-15	0
1589	7.58578e-15	0
1590	7.76247e-15	0
1591	7.94328e-15	0
1592	8.12831e-15	0
1593	8.31764e-15	0
1594	8.51138e-15	0
1595	8.70964e-15	0
1596	8.91251e-15	0
1597	9.12011e-15	0
1598	9.33254e-15	0
1599	9.54993e-15	0
1600	9.77237e-15	0
1601	1e-14	0
1602	1.02329e-14	0
1603	1.04713e-14	0
1604	1.07152e-14	0
1605	1.09648e-14	0
1606	1.12202e-14	0
1607	1.14815e-14	0
1608	1.1749e-14	0
1609	1.20226e-14	0
1610	1.23027e-14	0
1611	1.25893e-14	0
1612	1.28825e-14	0
1613	1.31826e-14	0
1614	1.34896e-14	0
1615	1.38038e-14	0
1616	1.41254e-14	0
1617	1.44544e-14	0
1618	1.47911e-14	0
1619	1.51356e-14	0
1620	1.54882e-14	0
1621	1.58489e-14	0
1622	1.62181e-14	0
1623	1.65959e-14	0
1624	1.69824e-14	0
1625	1.7378e-14	0
1626	1.77828e-14	0
1627	1.8197e-14	0
1628	1.86209e-14	0
1629	1.90546e-14	0
1630	1.94984e-14	0
1631	1.99526e-14	0
1632	2.04174e-14	0
1633	2.0893e-14	0
1634	2.13796e-14	0
1635	2.18776e-14	0
1636	2.23872e-14	0
1637	2.29087e-14	0
1638	2.34423e-14	0
1639	2.39883e-14	0
1640	2.45471e-14	0
1641	2.51189e-14	0
1642	2.5704e-14	0
1643	2.63027e-14	0
1644	2.69153e-14	0
1645	2.75423e-14	0
1646	2.81838e-14	0
1647	2.88403e-14	0
1648	2.95121e-14	0
1649	3.01995e-14	0
1650	3.0903e-14	0
1651	3.16228e-14	0
1652	3.23594e-14	0
1653	3.31131e-14	0
1654	3.38844e-14	0
1655	3.46737e-14	0
1656	3.54813e-14	0
1657	3.63078e-14	0
1658	3.71535e-14	0
1659	3.80189e-14	0
1660	3.89045e-14	0
1661	3.98107e-14	0
1662	4.0738e-14	0
1663	4.16869e-14	0
1664	4.2658e-14	0
1665	4.36516e-14	0
1666	4.46684e-14	0
1667	4.57088e-14	0
1668	4.67735e-14	0
1669	4.7863e-14	0
1670	4.89779e-14	0
1671	5.01187e-14	0
1672	5.12861e-14	0
1673	5.24807e-14	0
1674	5.37032e-14	0
1675	5.49541e-14	0
1676	5.62341e-14	0
1677	5.7544e-14	0
1678	5.88844e-14	0
1679	6.0256e-14	0
1680	6.16595e-14	0
1681	6.30957e-14	0
1682	6.45654e-14	0
1683	6.60693e-14	0
1684	6.76083e-14	0
1685	6.91831e-14	0
1686	7.07946e-14	0
1687	7.24436e-14	0
1688	7.4131e-14	0
1689	7.58578e-14	0
1690	7.76247e-14	0
1691	7.94328e-14	0
1692	8.12831e-14	0
1693	8.31764e-14	0
1694	8.51138e-14	0
1695	8.70964e-14	0
1696	8.91251e-14	0
1697	9.12011e-14	0
1698	9.33254e-14	0
1699	9.54993e-14	0
1700	9.77237e-14	0
1701	1e-13	0
1702	1.02329e-13	0
1703	1.04713e-13	0
1704	1.07152e-13	0
1705	1.09648e-13	0
1706	1.12202e-13	0
1707	1.14815e-13	0
1708	1.1749e-13	0
1709	1.20226e-13	0
1710	1.23027e-13	0
1711	1.25893e-13	0
1712	1.28825e-13	0
1713	1.31826e-13	0
1714	1.34896e-13	0
1715	1.38038e-13	0
1716	1.41254e-13	0
1717	1.44544e-13	0
1718	1.47911e-13	0
1719	1.51356e-13	0
1720	1.54882e-13	0
1721	1.58489e-13	0
1722	1.62181e-13	0
1723	1.65959e-13	0
1724	1.69824e-13	0
1725	1.7378e-13	0
1726	1.77828e-13	0
1727	1.8197e-13	0
1728	1.86209e-13	0
1729	1.90546e-13	0
1730	1.94984e-13	0
1731	1.99526e-13	0
1732	2.04174e-13	0
1733	2.0893e-13	0
1734	2.13796e-13	0
1735	2.18776e-13	0
1736	2.23872e-13	0
1737	2.29087e-13	0
1738	2.34423e-13	0
1739	2.39883e-13	0
1740	2.45471e-13	0
1741	2.51189e-13	0
1742	2.5704e-13	0
1743	2.63027e-13	0
1744	2.69153e-13	0
1745	2.75423e-13	0
1746	2.81838e-13	0
1747	2.88403e-13	0
1748	2.95121e-13	0
1749	3.01995e-13	0
1750	3.0903e-13	0
1751	3.16228e-13	0
1752	3.23594e-13	0
1753	3.31131e-13	0
1754	3.38844e-13	0
1755	3.46737e-13	0
1756	3.54813e-13	0
1757	3.63078e-13	0
1758	3.71535e-13	0
1759	3.80189e-13	0
1760	3.89045e-13	0
1761	3.98107e-13	0
1762	4.0738e-13	0
1763	4.16869e-13	0
1764	4.2658e-13	0
1765	4.36516e-13	0
1766	4.46684e-13	0
1767	4.57088e-13	0
1768	4.67735e-13	0
1769	4.7863e-13	0
1770	4.89779e-13	0
1771	5.01187e-13	0
1772	5.12861e-13	0
1773	5.24807e-13	0
1774	5.37032e-13	0
1775	5.49541e-13	0
1776	5.62341e-13	0
1777	5.7544e-13	0
1778	5.88844e-13	0
1779	6.0256e-13	0
1780	6.16595e-13	0
1781	6.30957e-13	0
1782	6.45654e-13	0
1783	6.60693e-13	0
1784	6.76083e-13	0
1785	6.91831e-13	0
1786	7.07946e-13	0
1787	7.24436e-13	0
1788	7.4131e-13	0
1789	7.58578e-13	0
1790	7.76247e-13	0
1791	7.94328e-13	0
1792	8.12831e-13	0
1793	8.31764e-13	0
1794	8.51138e-13	0
1795	8.70964e-13	0
1796	8.91251e-13	0
1797	9.12011e-13	0
1798	9.33254e-13	0
1799	9.54993e-13	0
1800	9.77237e-13	0
1801	1e-12	0
1802	1.02329e-12	0
1803	1.04713e-12	0
1804	1.07152e-12	0
1805	1.09648e-12	0
1806	1.12202e-12	0
1807	1.14815e-12	0
1808	1.1749e-12	0
1809	1.20226e-12	0
1810	1.23027e-12	0
1811	1.25893e-12	0
1812	1.28825e-12	0
1813	1.31826e-12	0
1814	1.34896e-12	0
1815	1.38038e-12	0
1816	1.41254e-12	0
1817	1.44544e-12	0
1818	1.47911e-12	0
1819	1.51356e-12	0
1820	1.54882e-12	0
1821	1.58489e-12	0
1822	1.62181e-12	0
1823	1.65959e-12	0
1824	1.69824e-12	0
1825	1.7378e-12	0
1826	1.77828e-12	0
1827	1.8197e-12	0
1828	1.86209e-12	0
1829	1.90546e-12	0
1830	1.94984e-12	0
1831	1.99526e-12	0
1832	2.04174e-12	0
1833	2.0893e-12	0
1834	2.13796e-12	0
1835	2.18776e-12	0
1836	2.23872e-12	0
1837	2.29087e-12	0
1838	2.34423e-12	0
1839	2.39883e-12	0
1840	2.45471e-12	0
1841	2.51189e-12	0
1842	2.5704e-12	0
1843	2.63027e-12	0
1844	2.69153e-12	0
1845	2.75423e-12	0
1846	2.81838e-12	0
1847	2.88403e-12	0
1848	2.95121e-12	0
1849	3.01995e-12	0
1850	3.0903e-12	0
1851	3.16228e-12	0
1852	3.23594e-12	0
1853	3.31131e-12	0
1854	3.38844e-12	0
1855	3.46737e-12	0
1856	3.54813e-12	0
1857	3.63078e-12	0
1858	3.71535e-12	0
1859	3.80189e-12	0
1860	3.89045e-12	0
1861	3.98107e-12	0
1862	4.0738e-12	0
1863	4.16869e-12	0
1864	4.2658e-12	0
1865	4.36516e-12	0
1866	4.46684e-12	0
1867	4.57088e-12	0
1868	4.67735e-12	0
1869	4.7863e-12	0
1870	4.89779e-12	0
1871	5.01187e-12	0
1872	5.12861e-12	0
1873	5.24807e-12	0
1874	5.37032e-12	0
1875	5.49541e-12	0
1876	5.62341e-12	0
1877	5.7544e-12	0
1878	5.88844e-12	0
1879	6.0256e-12	0
1880	6.16595e-12	0
1881	6.30957e-12	0
1882	6.45654e-12	0
1883	6.60693e-12	0
1884	6.76083e-12	0
1885	6.91831e-12	0
1886	7.07946e-12	0
1887	7.24436e-12	0
1888	7.4131e-12	0
1889	7.58578e-12	0
1890	7.76247e-12	0
1891	7.94328e-12	0
1892	8.12831e-12	0
1893	8.31764e-12	0
1894	8.51138e-12	0
1895	8.70964e-12	0
1896	8.91251e-12	0
1897	9.12011e-12	0
1898	9.33254e-12	0
1899	9.54993e-12	0
1900	9.77237e-12	0
1901	1e-11	0
1902	1.02329e-11	0
1903	1.04713e-11	0
1904	1.07152e-11	0
1905	1.09648e-11	0
1906	1.12202e-11	0
1907	1.14815e-11	0
1908	1.1749e-11	0
1909	1.20226e-11	0
1910	1.23027e-11	0
1911	1.25893e-11	0
1912	1.28825e-11	0
1913	1.31826e-11	0
1914	1.34896e-11	0
1915	1.38038e-11	0
1916	1.41254e-11	0
1917	1.44544e-11	0
1918	1.47911e-11	0
1919	1.51356e-11	0
1920	1.54882e-11	0
1921	1.58489e-11	0
1922	1.62181e-11	0
1923	1.65959e-11	0
1924	1.69824e-11	0
1925	1.7378e-11	0
1926	1.77828e-11	0
1927	1.8197e-11	0
1928	1.86209e-11	0
1929	1.90546e-11	0
1930	1.94984e-11	0
1931	1.99526e-11	0
1932	2.04174e-11	0
1933	2.0893e-11	0
1934	2.13796e-11	0
1935	2.18776e-11	0
1936	2.23872e-11	0
1937	2.29087e-11	0
1938	2.34423e-11	0
1939	2.39883e-11	0
1940	2.45471e-11	0
1941	2.51189e-11	0
1942	2.5704e-11	0
1943	2.63027e-11	0
1944	2.69153e-11	0
1945	2.75423e-11	0
1946	2.81838e-11	0
1947	2.88403e-11	0
1948	2.95121e-11	0
1949	3.01995e-11	0
1950	3.0903e-11	0
1951	3.16228e-11	0
1952	3.23594e-11	0
1953	3.31131e-11	0
1954	3.38844e-11	0
1955	3.46737e-11	0
1956	3.54813e-11	0
1957	3.63078e-11	0
1958	3.71535e-11	0
1959	3.80189e-11	0
1960	3.89045e-11	0
1961	3.98107e-11	0
1962	4.0738e-11	0
1963	4.16869e-11	0
1964	4.2658e-11	0
1965	4.36516e-11	0
1966	4.46684e-11	0
1967	4.57088e-11	0
1968	4.67735e-11	0
1969	4.7863e-11	0
1970	4.89779e-11	0
1971	5.01187e-11	0
1972	5.12861e-11	0
1973	5.24807e-11	0
1974	5.37032e-11	0
1975	5.49541e-11	0
1976	5.62341e-11	0
1977	5.7544e-11	0
1978	5.88844e-11	0
1979	6.0256e-11	0
1980	6.16595e-11	0
1981	6.30957e-11	0
1982	6.45654e-11	0
1983	6.60693e-11	0
1984	6.76083e-11	0
1985	6.91831e-11	0
1986	7.07946e-11	0
1987	7.24436e-11	0
1988	7.4131e-11	0
1989	7.58578e-11	0
1990	7.76247e-11	0
1991	7.94328e-11	0
1992	8.12831e-11	0
1993	8.31764e-11	0
1994	8.51138e-11	0
1995	8.70964e-11	0
1996	8.91251e-11	0
1997	9.12011e-11	0
1998	9.33254e-11	0
1999	9.54993e-11	0
2000	9.77237e-11	0
2001	1e-10	0
2002	1.02329e-10	0
2003	1.04713e-10	0
2004	1.07152e-10	0
2005	1.09648e-10	0
2006	1.12202e-10	0
2007	1.14815e-10	0
2008	1.1749e-10	0
2009	1.20226e-10	0
2010	1.23027e-10	0
2011	1.25893e-10	0
2012	1.28825e-10	0
2013	1.31826e-10	0
2014	1.34896e-10	0
2015	1.38038e-10	0
2016	1.41254e-10	0
2017	1.44544e-10	0
2018	1.47911e-10	0
2019	1.51356e-10	0
2020	1.54882e-10	0
2021	1.58489e-10	0
2022	1.62181e-10	0
2023	1.65959e-10	0
2024	1.69824e-10	0
2025	1.7378e-10	0
2026	1.77828e-10	0
2027	1.8197e-10	0
2028	1.86209e-10	0
2029	1.90546e-10	0
2030	1.94984e-10	0
2031	1.99526e-10	0
2032	2.04174e-10	0
2033	2.0893e-10	0
2034	2.13796e-10	0
2035	2.18776e-10	0
2036	2.23872e-10	0
2037	2.29087e-10	0
2038	2.34423e-10	0
2039	2.39883e-10	0
2040	2.45471e-10	0
2041	2.51189e-10	0
2042	2.5704e-10	0
2043	2.63027e-10	0
2044	2.69153e-10	0
2045	2.75423e-10	0
2046	2.81838e-10	0
2047	2.88403e-10	0
2048	2.95121e-10	0
2049	3.01995e-10	0
2050	3.0903e-10	0
2051	3.16228e-10	0
2052	3.23594e-10	0
2053	3.31131e-10	0
2054	3.38844e-10	0
2055	3.46737e-10	0
2056	3.54813e-10	0
2057	3.63078e-10	0
2058	3.71535e-10	0
2059	3.80189e-10	0
2060	3.89045e-10	0
2061	3.98107e-10	0
2062	4.0738e-10	0
2063	4.16869e-10	0
2064	4.2658e-10	0
2065	4.36516e-10	0
2066	4.46684e-10	0
2067	4.57088e-10	0
2068	4.67735e-10	0
2069	4.7863e-10	0
2070	4.89779e-10	0
2071	5.01187e-10	0
2072	5.12861e-10	0
2073	5.24807e-10	0
2074	5.37032e-10	0
2075	5.49541e-10	0
2076	5.62341e-10	0
2077	5.7544e-10	0
2078	5.88844e-10	0
2079	6.0256e-10	0
2080	6.16595e-10	0
2081	6.30957e-10	0
2082	6.45654e-10	0
2083	6.60693e-10	0
2084	6.76083e-10	0
2085	6.91831e-10	0
2086	7.07946e-10	0
2087	7.24436e-10	0
2088	7.4131e-10	0
2089	7.58578e-10	0
2090	7.76247e-10	0
2091	7.94328e-10	0
2092	8.12831e-10	0
2093	8.31764e-10	0
2094	8.51138e-10	0
2095	8.70964e-10	0
2096	8.91251e-10	0
2097	9.12011e-10	0
2098	9.33254e-10	0
2099	9.54993e-10	0
2100	9.77237e-10	0
2101	1e-09	0
2102	1.02329e-09	0
2103	1.04713e-09	0
2104	1.07152e-09	0
2105	1.09648e-09	0
2106	1.12202e-09	0
2107	1.14815e-09	0
2108	1.1749e-09	0
2109	1.20226e-09	0
2110	1.23027e-09	0
2111	1.25893e-09	0
2112	1.28825e-09	0
2113	1.31826e-09	0
2114	1.34896e-09	0
2115	1.38038e-09	0
2116	1.41254e-09	0
2117	1.44544e-09	0
2118	1.47911e-09	0
2119	1.51356e-09	0
2120	1.54882e-09	0
2121	1.58489e-09	0
2122	1.62181e-09	0
2123	1.65959e-09	0
2124	1.69824e-09	0
2125	1.7378e-09	0
2126	1.77828e-09	0
2127	1.8197e-09	0
2128	1.86209e-09	0
2129	1.90546e-09	0
2130	1.94984e-09	0
2131	1.99526e-09	0
2132	2.04174e-09	0
2133	2.0893e-09	0
2134	2.13796e-09	0
2135	2.18776e-09	0
2136	2.23872e-09	0
2137	2.29087e-09	0
2138	2.34423e-09	0
2139	2.39883e-09	0
2140	2.45471e-09	0
2141	2.51189e-09	0
2142	2.5704e-09	0
2143	2.63027e-09	0
2144	2.69153e-09	0
2145	2.75423e-09	0
2146	2.81838e-09	0
2147	2.88403e-09	0
2148	2.95121e-09	0
2149	3.01995e-09	0
2150	3.0903e-09	0
2151	3.16228e-09	0
2152	3.23594e-09	0
2153	3.31131e-09	0
2154	3.38844e-09	0
2155	3.46737e-09	1.11022e-16
2156	3.54813e-09	0
2157	3.63078e-09	0
2158	3.71535e-09	0
2159	3.80189e-09	0
2160	3.89045e-09	0
2161	3.98107e-09	0
2162	4.0738e-09	0
2163	4.16869e-09	0
2164	4.2658e-09	0
2165	4.36516e-09	0
2166	4.46684e-09	0
2167	4.57088e-09	0
2168	4.67735e-09	0
2169	4.7863e-09	0
2170	4.89779e-09	0
2171	5.01187e-09	0
2172	5.12861e-09	0
2173	5.24807e-09	0
2174	5.37032e-09	0
2175	5.49541e-09	0
2176	5.62341e-09	0
2177	5.7544e-09	0
2178	5.88844e-09	0
2179	6.0256e-09	0
2180	6.16595e-09	0
2181	6.30957e-09	0
2182	6.45654e-09	0
2183	6.60693e-09	0
2184	6.76083e-09	0
2185	6.91831e-09	0
2186	7.07946e-09	0
2187	7.24436e-09	0
2188	7.4131e-09	0
2189	7.58578e-09	0
2190	7.76247e-09	0
2191	7.94328e-09	0
2192	8.12831e-09	0
2193	8.31764e-09	0
2194	8.51138e-09	1.11022e-16
2195	8.70964e-09	0
2196	8.91251e-09	0
2197	9.12011e-09	0
2198	9.33254e-09	0
2199	9.54993e-09	1.11022e-16
2200	9.77237e-09	0
2201	1e-08	0
2202	1.02329e-08	0
2203	1.04713e-08	0
2204	1.07152e-08	0
2205	1.09648e-08	0
2206	1.12202e-08	0
2207	1.14815e-08	0
2208	1.1749e-08	0
2209	1.20226e-08	1.11022e-16
2210	1.23027e-08	0
2211	1.25893e-08	0
2212	1.28825e-08	0
2213	1.31826e-08	1.11022e-16
2214	1.34896e-08	0
2215	1.38038e-08	1.11022e-16
2216	1.41254e-08	1.11022e-16
2217	1.44544e-08	0
2218	1.47911e-08	0
2219	1.51356e-08	1.11022e-16
2220	1.54882e-08	0
2221	1.58489e-08	0
2222	1.62181e-08	1.11022e-16
2223	1.65959e-08	1.11022e-16
2224	1.69824e-08	1.11022e-16
2225	1.7378e-08	1.11022e-16
2226	1.77828e-08	1.11022e-16
2227	1.8197e-08	0
2228	1.86209e-08	0
2229	1.90546e-08	1.11022e-16
2230	1.94984e-08	0
2231	1.99526e-08	0
2232	2.04174e-08	0
2233	2.0893e-08	1.11022e-16
2234	2.13796e-08	1.11022e-16
2235	2.18776e-08	0
2236	2.23872e-08	1.11022e-16
2237	2.29087e-08	1.11022e-16
2238	2.34423e-08	1.11022e-16
2239	2.39883e-08	0
2240	2.45471e-08	1.11022e-16
2241	2.51189e-08	1.11022e-16
2242	2.5704e-08	1.11022e-16
2243	2.63027e-08	1.11022e-16
2244	2.69153e-08	1.11022e-16
2245	2.75423e-08	2.22045e-16
2246	2.81838e-08	1.11022e-16
2247	2.88403e-08	1.11022e-16
2248	2.95121e-08	2.22045e-16
2249	3.01995e-08	1.11022e-16
2250	3.0903e-08	2.22045e-16
2251	3.16228e-08	2.22045e-16
2252	3.23594e-08	1.11022e-16
2253	3.31131e-08	2.22045e-16
2254	3.38844e-08	2.22045e-16
2255	3.46737e-08	2.22045e-16
2256	3.54813e-08	2.22045e-16
2257	3.63078e-08	2.22045e-16
2258	3.71535e-08	0
2259	3.80189e-08	0
2260	3.89045e-08	0
2261	3.98107e-08	0
2262	4.0738e-08	1.11022e-16
2263	4.16869e-08	0
2264	4.2658e-08	0
2265	4.36516e-08	0
2266	4.46684e-08	0
2267	4.57088e-08	0
2268	4.67735e-08	0
2269	4.7863e-08	1.11022e-16
2270	4.89779e-08	0
2271	5.01187e-08	0
2272	5.12861e-08	0
2273	5.24807e-08	0
2274	5.37032e-08	1.11022e-16
2275	5.49541e-08	1.11022e-16
2276	5.62341e-08	1.11022e-16
2277	5.7544e-08	0
2278	5.88844e-08	1.11022e-16
2279	6.0256e-08	1.11022e-16
2280	6.16595e-08	0
2281	6.30957e-08	0
2282	6.45654e-08	1.11022e-16
2283	6.60693e-08	0
2284	6.76083e-08	0
2285	6.91831e-08	0
2286	7.07946e-08	1.11022e-16
2287	7.24436e-08	0
2288	7.4131e-08	1.11022e-16
2289	7.58578e-08	1.11022e-16
2290	7.76247e-08	1.11022e-16
2291	7.94328e-08	0
2292	8.12831e-08	0
2293	8.31764e-08	0
2294	8.51138e-08	0
2295	8.70964e-08	0
2296	8.91251e-08	0
2297	9.12011e-08	1.11022e-16
2298	9.33254e-08	0
2299	9.54993e-08	1.11022e-16
2300	9.77237e-08	0
2301	1e-07	0
2302	1.02329e-07	0
2303	1.04713e-07	1.11022e-16
2304	1.07152e-07	0
2305	1.09648e-07	0
2306	1.12202e-07	0
2307	1.14815e-07	0
2308	1.1749e-07	0
2309	1.20226e-07	0
2310	1.23027e-07	0
2311	1.25893e-07	0
2312	1.28825e-07	0
2313	1.31826e-07	0
2314	1.34896e-07	1.11022e-16
2315	1.38038e-07	0
2316	1.41254e-07	0
2317	1.44544e-07	0
2318	1.47911e-07	0
2319	1.51356e-07	0
2320	1.54882e-07	0
2321	1.58489e-07	0
2322	1.62181e-07	0
2323	1.65959e-07	1.11022e-16
2324	1.69824e-07	0
2325	1.7378e-07	0
2326	1.77828e-07	1.11022e-16
2327	1.8197e-07	0
2328	1.86209e-07	0
2329	1.90546e-07	0
2330	1.94984e-07	0
2331	1.99526e-07	0
2332	2.04174e-07	0
2333	2.0893e-07	0
2334	2.13796e-07	0
2335	2.18776e-07	1.11022e-16
2336	2.23872e-07	1.11022e-16
2337	2.29087e-07	0
2338	2.34423e-07	1.11022e-16
2339	2.39883e-07	0
2340	2.45471e-07	1.11022e-16
2341	2.51189e-07	0
2342	2.5704e-07	0
2343	2.63027e-07	0
2344	2.69153e-07	0
2345	2.75423e-07	0
2346	2.81838e-07	0
2347	2.88403e-07	0
2348	2.95121e-07	1.11022e-16
2349	3.01995e-07	0
2350	3.0903e-07	1.11022e-16
2351	3.16228e-07	0
2352	3.23594e-07	0
2353	3.31131e-07	1.11022e-16
2354	3.38844e-07	0
2355	3.46737e-07	0
2356	3.54813e-07	0
2357	3.63078e-07	0
2358	3.71535e-07	0
2359	3.80189e-07	0
2360	3.89045e-07	0
2361	3.98107e-07	0
2362	4.0738e-07	0
2363	4.16869e-07	0
2364	4.2658e-07	0
2365	4.36516e-07	0
2366	4.46684e-07	1.11022e-16
2367	4.57088e-07	1.11022e-16
2368	4.67735e-07	0
2369	4.7863e-07	1.11022e-16
2370	4.89779e-07	0
2371	5.01187e-07	0
2372	5.12861e-07	0
2373	5.24807e-07	0
2374	5.37032e-07	0
2375	5.49541e-07	1.11022e-16
2376	5.62341e-07	0
2377	5.7544e-07	0
2378	5.88844e-07	0
2379	6.0256e-07	0
2380	6.16595e-07	0
2381	6.30957e-07	1.11022e-16
2382	6.45654e-07	0
2383	6.60693e-07	0
2384	6.76083e-07	0
2385	6.91831e-07	0
2386	7.07946e-07	1.11022e-16
2387	7.24436e-07	0
2388	7.4131e-07	1.11022e-16
2389	7.58578e-07	0
2390	7.76247e-07	1.11022e-16
2391	7.94328e-07	0
2392	8.12831e-07	0
2393	8.31764e-07	0
2394	8.51138e-07	0
2395	8.70964e-07	0
2396	8.91251e-07	1.11022e-16
2397	9.12011e-07	1.11022e-16
2398	9.33254e-07	0
2399	9.54993e-07	1.11022e-16
2400	9.77237e-07	1.11022e-16
2401	1e-06	0
2402	1.02329e-06	0
2403	1.04713e-06	0
2404	1.07152e-06	0
2405	1.09648e-06	0
2406	1.12202e-06	0
2407	1.14815e-06	0
2408	1.1749e-06	1.11022e-16
2409	1.20226e-06	0
2410	1.23027e-06	0
2411	1.25893e-06	0
2412	1.28825e-06	0
2413	1.31826e-06	0
2414	1.34896e-06	1.11022e-16
2415	1.38038e-06	1.11022e-16
2416	1.41254e-06	1.11022e-16
2417	1.44544e-06	1.11022e-16
2418	1.47911e-06	0
2419	1.51356e-06	0
2420	1.54882e-06	0
2421	1.58489e-06	0
2422	1.62181e-06	1.11022e-16
2423	1.65959e-06	0
2424	1.69824e-06	1.11022e-16
2425	1.7378e-06	0
2426	1.77828e-06	0
2427	1.8197e-06	0
2428	1.86209e-06	0
2429	1.90546e-06	1.11022e-16
2430	1.94984e-06	0
2431	1.99526e-06	0
2432	2.04174e-06	0
2433	2.0893e-06	0
2434	2.13796e-06	0
2435	2.18776e-06	0
2436	2.23872e-06	1.11022e-16
2437	2.29087e-06	0
2438	2.34423e-06	0
2439	2.39883e-06	1.11022e-16
2440	2.45471e-06	0
2441	2.51189e-06	0
2442	2.5704e-06	0
2443	2.63027e-06	0
2444	2.69153e-06	0
2445	2.75423e-06	0
2446	2.81838e-06	0
2447	2.88403e-06	1.11022e-16
2448	2.95121e-06	0
2449	3.01995e-06	0
2450	3.0903e-06	0
2451	3.16228e-06	0
2452	3.23594e-06	1.11022e-16
2453	3.31131e-06	0
2454	3.38844e-06	0
2455	3.46737e-06	0
2456	3.54813e-06	0
2457	3.63078e-06	0
2458	3.71535e-06	0
2459	3.80189e-06	0
2460	3.89045e-06	1.11023e-16
2461	3.98107e-06	1.11023e-16
2462	4.0738e-06	0
2463	4.16869e-06	0
2464	4.2658e-06	0
2465	4.36516e-06	0
2466	4.46684e-06	0
2467	4.57088e-06	1.11023e-16
2468	4.67735e-06	0
2469	4.7863e-06	1.11023e-16
2470	4.89779e-06	0
2471	5.01187e-06	0
2472	5.12861e-06	1.11023e-16
2473	5.24807e-06	0
2474	5.37032e-06	0
2475	5.49541e-06	1.11023e-16
2476	5.62341e-06	0
2477	5.7544e-06	1.11023e-16
2478	5.88844e-06	0
2479	6.0256e-06	0
2480	6.16595e-06	0
2481	6.30957e-06	0
2482	6.45654e-06	0
2483	6.60693e-06	0
2484	6.76083e-06	1.11023e-16
2485	6.91831e-06	1.11023e-16
2486	7.07946e-06	1.11023e-16
2487	7.24436e-06	1.11023e-16
2488	7.4131e-06	0
2489	7.58578e-06	0
2490	7.76247e-06	0
2491	7.94328e-06	0
2492	8.12831e-06	0
2493	8.31764e-06	1.11023e-16
2494	8.51138e-06	0
2495	8.70964e-06	0
2496	8.91251e-06	0
2497	9.12011e-06	0
2498	9.33254e-06	0
2499	9.54993e-06	1.11023e-16
2500	9.77237e-06	0
2501	1e-05	0
2502	1.02329e-05	1.11023e-16
2503	1.04713e-05	0
2504	1.07152e-05	1.11023e-16
2505	1.09648e-05	0
2506	1.12202e-05	1.11023e-16
2507	1.14815e-05	1.11023e-16
2508	1.1749e-05	1.11023e-16
2509	1.20226e-05	1.11023e-16
2510	1.23027e-05	1.11023e-16
2511	1.25893e-05	1.11023e-16
2512	1.28825e-05	0
2513	1.31826e-05	2.22046e-16
2514	1.34896e-05	0
2515	1.38038e-05	1.11023e-16
2516	1.41254e-05	1.11023e-16
2517	1.44544e-05	1.11023e-16
2518	1.47911e-05	1.11023e-16
2519	1.51356e-05	1.11023e-16
2520	1.54882e-05	2.22046e-16
2521	1.58489e-05	1.11023e-16
2522	1.62181e-05	2.22046e-16
2523	1.65959e-05	2.22046e-16
2524	1.69824e-05	2.22046e-16
2525	1.7378e-05	2.22047e-16
2526	1.77828e-05	0
2527	1.8197e-05	0
2528	1.86209e-05	0
2529	1.90546e-05	0
2530	1.94984e-05	0
2531	1.99526e-05	0
2532	2.04174e-05	0
2533	2.0893e-05	1.11023e-16
2534	2.13796e-05	0
2535	2.18776e-05	1.11024e-16
2536	2.23872e-05	0
2537	2.29087e-05	1.11024e-16
2538	2.34423e-05	1.11024e-16
2539	2.39883e-05	0
2540	2.45471e-05	1.11024e-16
2541	2.51189e-05	0
2542	2.5704e-05	0
2543	2.63027e-05	0
2544	2.69153e-05	0
2545	2.75423e-05	1.11024e-16
2546	2.81838e-05	0
2547	2.88403e-05	0
2548	2.95121e-05	1.11024e-16
2549	3.01995e-05	1.11024e-16
2550	3.0903e-05	1.11024e-16
2551	3.16228e-05	0
2552	3.23594e-05	1.11024e-16
2553	3.31131e-05	0
2554	3.38844e-05	1.11024e-16
2555	3.46737e-05	0
2556	3.54813e-05	0
2557	3.63078e-05	0
2558	3.71535e-05	0
2559	3.80189e-05	0
2560	3.89045e-05	0
2561	3.98107e-05	1.11025e-16
2562	4.0738e-05	0
2563	4.16869e-05	0
2564	4.2658e-05	0
2565	4.36516e-05	0
2566	4.46684e-05	1.11025e-16
2567	4.57088e-05	1.11025e-16
2568	4.67735e-05	0
2569	4.7863e-05	0
2570	4.89779e-05	1.11025e-16
2571	5.01187e-05	0
2572	5.12861e-05	1.11025e-16
2573	5.24807e-05	1.11025e-16
2574	5.37032e-05	0
2575	5.49541e-05	0
2576	5.62341e-05	0
2577	5.7544e-05	1.11025e-16
2578	5.88844e-05	1.11026e-16
2579	6.0256e-05	0
2580	6.16595e-05	0
2581	6.30957e-05	0
2582	6.45654e-05	0
2583	6.60693e-05	0
2584	6.76083e-05	1.11026e-16
2585	6.91831e-05	0
2586	7.07946e-05	0
2587	7.24436e-05	1.11026e-16
2588	7.4131e-05	0
2589	7.58578e-05	1.11027e-16
2590	7.76247e-05	1.11027e-16
2591	7.94328e-05	1.11027e-16
2592	8.12831e-05	0
2593	8.31764e-05	0
2594	8.51138e-05	1.11027e-16
2595	8.70964e-05	0
2596	8.91251e-05	1.11027e-16
2597	9.12011e-05	0
2598	9.33254e-05	0
2599	9.54993e-05	0
2600	9.77237e-05	1.11028e-16
2601	0.0001	1.11028e-16
2602	0.000102329	1.11028e-16
2603	0.000104713	0
2604	0.000107152	0
2605	0.000109648	0
2606	0.000112202	0
2607	0.000114815	0
2608	0.00011749	0
2609	0.000120226	1.11029e-16
2610	0.000123027	0
2611	0.000125893	1.11029e-16
2612	0.000128825	0
2613	0.000131826	0
2614	0.000134896	0
2615	0.000138038	1.1103e-16
2616	0.000141254	1.1103e-16
2617	0.000144544	0
2618	0.000147911	1.11031e-16
2619	0.000151356	0
2620	0.000154882	0
2621	0.000158489	0
2622	0.000162181	0
2623	0.000165959	1.11032e-16
2624	0.000169824	0
2625	0.00017378	1.11032e-16
2626	0.000177828	0
2627	0.00018197	1.11032e-16
2628	0.000186209	0
2629	0.000190546	0
2630	0.000194984	0
2631	0.000199526	0
2632	0.000204174	1.11034e-16
2633	0.00020893	1.11034e-16
2634	0.000213796	0
2635	0.000218776	1.11034e-16
2636	0.000223872	0
2637	0.000229087	1.11035e-16
2638	0.000234423	1.11035e-16
2639	0.000239883	1.11036e-16
2640	0.000245471	0
2641	0.000251189	0
2642	0.00025704	1.11037e-16
2643	0.000263027	1.11037e-16
2644	0.000269153	1.11037e-16
2645	0.000275423	1.11038e-16
2646	0.000281838	0
2647	0.000288403	1.11038e-16
2648	0.000295121	1.11039e-16
2649	0.000301995	1.11039e-16
2650	0.00030903	1.11039e-16
2651	0.000316228	1.1104e-16
2652	0.000323594	1.1104e-16
2653	0.000331131	1.11041e-16
2654	0.000338844	1.11041e-16
2655	0.000346737	1.11042e-16
2656	0.000354813	1.11042e-16
2657	0.000363078	2.22085e-16
2658	0.000371535	1.11043e-16
2659	0.000380189	1.11043e-16
2660	0.000389045	2.22088e-16
2661	0.000398107	2.22089e-16
2662	0.00040738	0
2663	0.000416869	0
2664	0.00042658	1.11046e-16
2665	0.000436516	0
2666	0.000446684	1.11047e-16
2667	0.000457088	1.11048e-16
2668	0.000467735	1.11048e-16
2669	0.00047863	0
2670	0.000489779	1.11049e-16
2671	0.000501187	0
2672	0.000512861	1.11051e-16
2673	0.000524807	1.11051e-16
2674	0.000537032	0
2675	0.000549541	1.11053e-16
2676	0.000562341	1.11054e-16
2677	0.00057544	1.11054e-16
2678	0.000588844	0
2679	0.00060256	0
2680	0.000616595	0
2681	0.000630957	0
2682	0.000645654	0
2683	0.000660693	1.11059e-16
2684	0.000676083	1.1106e-16
2685	0.000691831	0
2686	0.000707946	1.11062e-16
2687	0.000724436	0
2688	0.00074131	0
2689	0.000758578	0
2690	0.000776247	0
2691	0.000794328	0
2692	0.000812831	0
2693	0.000831764	0
2694	0.000851138	1.1107e-16
2695	0.000870964	0
2696	0.000891251	1.11072e-16
2697	0.000912011	0
2698	0.000933254	1.11074e-16
2699	0.000954993	1.11075e-16
2700	0.000977237	1.11077e-16
2701	0.001	1.11078e-16
2702	0.00102329	0
2703	0.00104713	0
2704	0.00107152	0
2705	0.00109648	0
2706	0.00112202	1.11085e-16
2707	0.00114815	0
2708	0.0011749	1.11088e-16
2709	0.00120226	1.11089e-16
2710	0.00123027	0
2711	0.00125893	1.11092e-16
2712	0.00128825	1.11094e-16
2713	0.00131826	0
2714	0.00134896	1.11097e-16
2715	0.00138038	1.11099e-16
2716	0.00141254	0
2717	0.00144544	0
2718	0.00147911	0
2719	0.00151356	0
2720	0.00154882	0
2721	0.00158489	1.1111e-16
2722	0.00162181	0
2723	0.00165959	1.11114e-16
2724	0.00169824	1.11117e-16
2725	0.0017378	1.11119e-16
2726	0.00177828	1.11121e-16
2727	0.0018197	1.11123e-16
2728	0.00186209	0
2729	0.00190546	0
2730	0.00194984	0
2731	0.00199526	1.11133e-16
2732	0.00204174	0
2733	0.0020893	0
2734	0.00213796	1.11141e-16
2735	0.00218776	0
2736	0.00223872	0
2737	0.00229087	0
2738	0.00234423	1.11152e-16
2739	0.00239883	1.11156e-16
2740	0.00245471	2.22317e-16
2741	0.00251189	1.11162e-16
2742	0.0025704	1.11165e-16
2743	0.00263027	1.11168e-16
2744	0.00269153	2.22344e-16
2745	0.00275423	1.11175e-16
2746	0.00281838	0
2747	0.00288403	1.11182e-16
2748	0.00295121	0
2749	0.00301995	1.1119e-16
2750	0.0030903	0
2751	0.00316228	0
2752	0.00323594	1.11202e-16
2753	0.00331131	0
2754	0.00338844	0
2755	0.00346737	0
2756	0.00354813	1.11219e-16
2757	0.00363078	0
2758	0.00371535	0
2759	0.00380189	0
2760	0.00389045	0
2761	0.00398107	1.11243e-16
2762	0.0040738	0
2763	0.00416869	0
2764	0.0042658	0
2765	0.00436516	0
2766	0.00446684	0
2767	0.00457088	0
2768	0.00467735	0
2769	0.0047863	1.11288e-16
2770	0.00489779	1.11294e-16
2771	0.00501187	0
2772	0.00512861	0
2773	0.00524807	0
2774	0.00537032	0
2775	0.00549541	1.11328e-16
2776	0.00562341	0
2777	0.0057544	0
2778	0.00588844	1.11349e-16
2779	0.0060256	0
2780	0.00616595	0
2781	0.00630957	0
2782	0.00645654	0
2783	0.00660693	1.11389e-16
2784	0.00676083	0
2785	0.00691831	0
2786	0.00707946	0
2787	0.00724436	1.11425e-16
2788	0.0074131	1.11434e-16
2789	0.00758578	1.11444e-16
2790	0.00776247	1.11454e-16
2791	0.00794328	1.11464e-16
2792	0.00812831	1.11474e-16
2793	0.00831764	1.11485e-16
2794	0.00851138	2.22991e-16
2795	0.00870964	2.23013e-16
2796	0.00891251	0
2797	0.00912011	0
2798	0.00933254	1.11541e-16
2799	0.00954993	1.11553e-16
2800	0.00977237	2.23131e-16
2801	0.01	2.23157e-16
2802	0.0102329	0
2803	0.0104713	1.11605e-16
2804	0.0107152	0
2805	0.0109648	1.11632e-16
2806	0.0112202	0
2807	0.0114815	0
2808	0.011749	0
2809	0.0120226	1.11691e-16
2810	0.0123027	1.11707e-16
2811	0.0125893	1.11723e-16
2812	0.0128825	0
2813	0.0131826	0
2814	0.0134896	0
2815	0.0138038	0
2816	0.0141254	1.11808e-16
2817	0.0144544	0
2818	0.0147911	1.11845e-16
2819	0.0151356	0
2820	0.0154882	0
2821	0.0158489	0
2822	0.0162181	1.11925e-16
2823	0.0165959	1.11946e-16
2824	0.0169824	0
2825	0.017378	1.1199e-16
2826	0.0177828	1.12012e-16
2827	0.018197	1.12036e-16
2828	0.0186209	1.12059e-16
2829	0.0190546	0
2830	0.0194984	0
2831	0.0199526	1.12134e-16
2832	0.0204174	0
2833	0.020893	0
2834	0.0213796	0
2835	0.0218776	1.12241e-16
2836	0.0223872	1.1227e-16
2837	0.0229087	0
2838	0.0234423	2.24657e-16
2839	0.0239883	2.24718e-16
2840	0.0245471	3.37172e-16
2841	0.0251189	2.24845e-16
2842	0.025704	2.24911e-16
2843	0.0263027	2.24978e-16
2844	0.0269153	1.12523e-16
2845	0.0275423	0
2846	0.0281838	0
2847	0.0288403	1.12631e-16
2848	0.0295121	0
2849	0.0301995	0
2850	0.030903	0
2851	0.0316228	1.12787e-16
2852	0.0323594	0
2853	0.0331131	0
2854	0.0338844	1.12914e-16
2855	0.0346737	1.12958e-16
2856	0.0354813	0
2857	0.0363078	2.261e-16
2858	0.0371535	0
2859	0.0380189	0
2860	0.0389045	0
2861	0.0398107	0
2862	0.040738	1.13299e-16
2863	0.0416869	1.13352e-16
2864	0.042658	1.13407e-16
2865	0.0436516	0
2866	0.0446684	0
2867	0.0457088	0
2868	0.0467735	1.13639e-16
2869	0.047863	1.137e-16
2870	0.0489779	3.4129e-16
2871	0.0501187	0
2872	0.0512861	1.13894e-16
2873	0.0524807	1.13961e-16
2874	0.0537032	1.1403e-16
2875	0.0549541	0
2876	0.0562341	0
2877	0.057544	1.14247e-16
2878	0.0588844	2.28646e-16
2879	0.060256	0
2880	0.0616595	0
2881	0.0630957	1.14562e-16
2882	0.0645654	0
2883	0.0660693	1.1473e-16
2884	0.0676083	1.14818e-16
2885	0.0691831	0
2886	0.0707946	1.14999e-16
2887	0.0724436	2.30185e-16
2888	0.074131	2.30376e-16
2889	0.0758578	1.15286e-16
2890	0.0776247	0
2891	0.0794328	1.1549e-16
2892	0.0812831	1.15596e-16
2893	0.0831764	1.15704e-16
2894	0.0851138	0
2895	0.0870964	0
2896	0.0891251	1.16043e-16
2897	0.0912011	1.16162e-16
2898	0.0933254	1.16283e-16
2899	0.0954993	2.32816e-16
2900	0.0977237	1.16535e-16
2901	0.1	0
2902	0.102329	0
2903	0.104713	0
2904	0.107152	1.17077e-16
2905	0.109648	0
2906	0.112202	1.17367e-16
2907	0.114815	1.17518e-16
2908	0.11749	1.17672e-16
2909	0.120226	0
2910	0.123027	1.17992e-16
2911	0.125893	2.36315e-16
2912	0.128825	1.18327e-16
2913	0.131826	0
2914	0.134896	1.18679e-16
2915	0.138038	0
2916	0.141254	2.38096e-16
2917	0.144544	0
2918	0.147911	1.19435e-16
2919	0.151356	1.19636e-16
2920	0.154882	0
2921	0.158489	0
2922	0.162181	0
2923	0.165959	0
2924	0.169824	1.20716e-16
2925	0.17378	0
2926	0.177828	0
2927	0.18197	0
2928	0.186209	0
2929	0.190546	0
2930	0.194984	1.22198e-16
2931	0.199526	0
2932	0.204174	0
2933	0.20893	0
2934	0.213796	1.23313e-16
2935	0.218776	0
2936	0.223872	1.23913e-16
2937	0.229087	4.96897e-16
2938	0.234423	1.24543e-16
2939	0.239883	0
2940	0.245471	1.25206e-16
2941	0.251189	0
2942	0.25704	0
2943	0.263027	2.52525e-16
2944	0.269153	0
2945	0.275423	3.81037e-16
2946	0.281838	0
2947	0.288403	2.55601e-16
2948	0.295121	1.28209e-16
2949	0.301995	0
2950	0.30903	2.58118e-16
2951	0.316228	0
2952	0.323594	2.59905e-16
2953	0.331131	2.60833e-16
2954	0.338844	1.30892e-16
2955	0.346737	1.3138e-16
2956	0.354813	1.31881e-16
2957	0.363078	1.32394e-16
2958	0.371535	0
2959	0.380189	0
2960	0.389045	0
2961	0.398107	1.34584e-16
2962	0.40738	4.05503e-16
2963	0.416869	2.71533e-16
2964	0.42658	5.45523e-16
2965	0.436516	0
2966	0.446684	1.37658e-16
2967	0.457088	1.38322e-16
2968	0.467735	1.39004e-16
2969	0.47863	0
2970	0.489779	1.40421e-16
2971	0.501187	1.41158e-16
2972	0.512861	1.41915e-16
2973	0.524807	4.28075e-16
2974	0.537032	0
2975	0.549541	4.32924e-16
2976	0.562341	1.45149e-16
2977	0.57544	1.46012e-16
2978	0.588844	2.93799e-16
2979	0.60256	0
2980	0.616595	2.97491e-16
2981	0.630957	0
2982	0.645654	1.50694e-16
2983	0.660693	1.51708e-16
2984	0.676083	1.52749e-16
2985	0.691831	3.0764e-16
2986	0.707946	0
2987	0.724436	3.121e-16
2988	0.74131	3.14423e-16
2989	0.758578	1.58405e-16
2990	0.776247	0
2991	0.794328	0
2992	0.812831	1.6219e-16
2993	0.831764	4.90568e-16
2994	0.851138	1.64893e-16
2995	0.870964	4.98905e-16
2996	0.891251	3.355e-16
2997	0.912011	0
2998	0.933254	0
2999	0.954993	1.72347e-16
3000	0.977237	3.47936e-16
3001	1	3.51269e-16
3002	1.02329	1.77349e-16
3003	1.04713	0
3004	1.07152	3.61857e-16
3005	1.09648	1.82796e-16
3006	1.12202	1.84717e-16
3007	1.14815	3.73388e-16
3008	1.1749	0
3009	1.20226	1.90823e-16
3010	1.23027	3.85956e-16
3011	1.25893	1.95197e-16
3012	1.28825	0
3013	1.31826	3.99662e-16
3014	1.34896	4.04502e-16
3015	1.38038	8.1897e-16
3016	1.41254	2.07308e-16
3017	1.44544	2.09949e-16
3018	1.47911	2.12669e-16
3019	1.51356	0
3020	1.54882	2.18353e-16
3021	1.58489	2.21323e-16
3022	1.62181	2.24382e-16
3023	1.65959	2.27532e-16
3024	1.69824	1.15388e-16
3025	1.7378	0
3026	1.77828	4.75118e-16
3027	1.8197	1.20552e-16
3028	1.86209	0
3029	1.90546	2.48516e-16
3030	1.94984	1.26195e-16
3031	1.99526	3.84571e-16
3032	2.04174	5.20982e-16
3033	2.0893	2.64725e-16
3034	2.13796	2.69085e-16
3035	2.18776	1.36788e-16
3036	2.23872	2.78203e-16
3037	2.29087	1.41484e-16
3038	2.34423	0
3039	2.39883	1.46464e-16
3040	2.45471	5.96267e-16
3041	2.51189	6.06987e-16
3042	2.5704	3.09012e-16
3043	2.63027	6.2939e-16
3044	2.69153	1.60273e-16
3045	2.75423	0
3046	2.81838	1.66385e-16
3047	2.88403	3.39154e-16
3048	2.95121	3.45723e-16
3049	3.01995	3.52484e-16
3050	3.0903	3.59442e-16
3051	3.16228	0
3052	3.23594	7.47934e-16
3053	3.31131	1.90772e-16
3054	3.38844	0
3055	3.46737	5.96028e-16
3056	3.54813	4.05594e-16
3057	3.63078	4.14069e-16
3058	3.71535	0
3059	3.80189	4.31735e-16
3060	3.89045	1.10234e-15
3061	3.98107	1.46378e-15
3062	4.0738	9.20221e-16
3063	4.16869	8.2266e-16
3064	4.2658	4.80343e-16
3065	4.36516	3.68153e-16
3066	4.46684	6.27099e-16
3067	4.57088	1.41014e-15
3068	4.67735	1.04833e-15
3069	4.7863	2.67928e-15
3070	4.89779	1.78052e-15
3071	5.01187	1.4004e-15
3072	5.12861	1.43196e-15
3073	5.24807	2.92866e-16
3074	5.37032	1.49753e-16
3075	5.49541	3.82893e-15
3076	5.62341	2.19306e-15
3077	5.7544	0
3078	5.88844	8.03067e-15
3079	6.0256	2.17944e-15
3080	6.16595	1.372e-15
3081	6.30957	3.15801e-15
3082	6.45654	5.38461e-16
3083	6.60693	1.74446e-14
3084	6.76083	5.63605e-16
3085	6.91831	5.76636e-15
3086	7.07946	6.68644e-15
3087	7.24436	1.73045e-14
3088	7.4131	5.14698e-15
3089	7.58578	1.81163e-14
3090	7.76247	1.48725e-14
3091	7.94328	3.15385e-14
3092	8.12831	6.91686e-14
3093	8.31764	1.75497e-14
3094	8.51138	2.76454e-14
3095	8.70964	3.48164e-14
3096	8.91251	5.85113e-14
3097	9.12011	4.83539e-14
3098	9.33254	1.13336e-13
3099	9.54993	3.63163e-14
3100	9.77237	2.74915e-13
3101	10	2.05262e-13
3102	10.2329	7.3564e-14
3103	10.4713	2.37457e-13
3104	10.7152	4.92813e-13
3105	10.9648	9.44669e-13
3106	11.2202	5.03577e-13
3107	11.4815	3.36367e-13
3108	11.749	1.09049e-12
3109	12.0226	2.66641e-12
3110	12.3027	1.03978e-13
3111	12.5893	3.06724e-12
3112	12.8825	2.78666e-12
3113	13.1826	2.01276e-12
3114	13.4896	6.07036e-12
3115	13.8038	6.77074e-12
3116	14.1254	1.31982e-11
3117	14.4544	7.3468e-12
3118	14.7911	4.04377e-14
3119	15.1356	1.03386e-12
3120	15.4882	1.00535e-11
3121	15.8489	1.47717e-10
3122	16.2181	2.51032e-10
3123	16.5959	1.7083e-10
3124	16.9824	2.31595e-10
3125	17.378	8.90705e-11
3126	17.7828	4.39692e-10
3127	18.197	1.58502e-10
3128	18.6209	5.24306e-10
3129	19.0546	2.22697e-10
3130	19.4984	3.19605e-09
3131	19.9526	7.10286e-12
3132	20.4174	9.5616e-09
3133	20.893	9.28166e-09
3134	21.3796	1.42001e-08
3135	21.8776	1.47733e-08
3136	22.3872	7.22083e-09
3137	22.9087	2.0072e-08
3138	23.4423	2.82362e-07
3139	23.9883	1.88697e-07
3140	24.5471	4.7101e-07
3141	25.1189	2.58884e-07
3142	25.704	1.8536e-06
3143	26.3027	5.20883e-07
3144	26.9153	4.02083e-06
3145	27.5423	4.33614e-06
3146	28.1838	2.50078e-05
3147	28.8403	2.66236e-05
3148	29.5121	1.41372e-05
3149	30.1995	0.000177986
3150	30.903	6.60043e-05
3151	31.6228	0.000559599
3152	32.3594	1.00752e-05
3153	33.1131	0.000501234
3154	33.8844	0.000404521
3155	34.6737	0.0188321
3156	35.4813	0.0352022
3157	36.3078	0.022295
3158	37.1535	0.102592
3159	38.0189	0.0383008
3160	38.9045	0.424972
3161	39.8107	2.47215
3162	40.738	1.64312
3163	41.6869	1.56685
3164	42.658	48.6973
3165	43.6516	35.6554
3166	44.6684	60.1016
3167	45.7088	25.1665
3168	46.7735	743.57
3169	47.863	5199.49
3170	48.9779	12954.5
3171	50.1187	9779.83
3172	51.2861	81670.5
3173	52.4807	646438
3174	53.7032	21017
3175	54.9541	3.59151e+06
3176	56.2341	2.47967e+07
3177	57.544	3.66251e+07
3178	58.8844	7.15556e+07
3179	60.256	4.40758e+08
3180	61.6595	4.22506e+09
3181	63.0957	6.62964e+09
3182	64.5654	1.19646e+11
3183	66.0693	1.29317e+11
3184	67.6083	1.28628e+12
3185	69.1831	4.5734e+12
3186	70.7946	7.76548e+12
3187	72.4436	2.42284e+14
3188	74.131	1.51781e+15
3189	75.8578	1.00702e+15
3190	77.6247	2.5724e+16
3191	79.4328	7.86593e+16
3192	81.2831	2.07855e+18
3193	83.1764	5.24643e+18
3194	85.1138	3.20456e+18
3195	87.0964	3.97677e+20
3196	89.1251	3.07129e+21
3197	91.2011	1.32276e+22
3198	93.3254	2.19929e+23
3199	95.4993	1.00661e+24
3200	97.7237	1.04379e+25
3201	100	2.3172e+26
3202	102.329	8.43999e+26
3203	104.713	1.89037e+27
3204	107.152	1.2059e+29
3205	109.648	3.36346e+30
3206	112.202	6.57428e+30
3207	114.815	5.13509e+32
3208	117.49	2.08087e+33
3209	120.226	2.09542e+35
3210	123.027	4.98148e+35
3211	125.893	3.37367e+37
3212	128.825	2.40578e+38
3213	131.826	7.89143e+38
3214	134.896	2.97177e+41
3215	138.038	6.13738e+42
3216	141.254	1.60068e+44
3217	144.544	6.22418e+44
3218	147.911	1.20273e+47
3219	151.356	4.73032e+48
3220	154.882	3.71701e+49
3221	158.489	2.15836e+51
3222	162.181	1.27558e+53
3223	165.959	5.05009e+54
3224	169.824	3.01585e+55
3225	173.78	5.22451e+57
3226	177.828	2.94776e+59
3227	181.97	3.98662e+60
3228	186.209	1.69692e+63
3229	190.546	7.83885e+65
3230	194.984	1.63578e+67
3231	199.526	5.27575e+69
3232	204.174	1.57185e+71
3233	208.93	1.48914e+73
3234	213.796	6.11996e+75
3235	218.776	1.11395e+76
3236	223.872	1.30427e+79
3237	229.087	2.3235e+82
3238	234.423	4.01964e+84
3239	239.883	4.95144e+86
3240	245.471	1.49441e+89
3241	251.189	9.53422e+90
3242	257.04	1.25553e+94
3243	263.027	2.74608e+96
3244	269.153	6.51686e+98
3245	275.423	5.4683e+100
3246	281.838	1.26014e+105
3247	288.403	1.32029e+108
3248	295.121	2.95568e+110
3249	301.995	4.99455e+113
3250	309.03	6.10247e+116
3251	316.228	4.81712e+119
3252	323.594	1.66143e+123
3253	331.131	3.08895e+126
3254	338.844	2.36334e+129
3255	346.737	2.49829e+133
3256	354.813	3.87522e+136
3257	363.078	2.66641e+140
3258	371.535	1.32621e+144
3259	380.189	1.39766e+147
3260	389.045	4.19262e+150
3261	398.107	7.43355e+154
3262	407.38	1.15896e+159
3263	416.869	3.1326e+163
3264	426.58	5.25387e+167
3265	436.516	1.34775e+172
3266	446.684	3.81179e+176
3267	457.088	2.64979e+181
3268	467.735	1.44436e+184
3269	478.63	3.235e+190
3270	489.779	3.11053e+195
3271	501.187	4.88893e+199
3272	512.861	1.84849e+205
3273	524.807	9.6841e+209
3274	537.032	4.88305e+214
3275	549.541	1.09594e+221
3276	562.341	7.11552e+226
3277	575.44	4.22948e+232
3278	588.844	8.65378e+237
3279	602.56	1.94437e+244
3280	616.595	4.49131e+249
3281	630.957	1.85763e+256
3282	645.654	7.02768e+262
3283	660.693	6.72906e+268
3284	676.083	2.15863e+276
3285	691.831	5.84561e+282
3286	707.946	6.50008e+289
3287	724.436	inf
3288	741.31	inf
3289	758.578	inf
3290	776.247	inf
3291	794.328	inf
3292	812.831	inf
3293	831.764	inf
3294	851.138	inf
3295	870.964	inf
3296	891.251	inf
3297	912.011	inf
3298	933.254	inf
3299	954.993	inf
3300	977.237	inf
3301	1000	inf
3302	1023.29	inf
3303	1047.13	inf
3304	1071.52	inf
3305	1096.48	inf
3306	1122.02	inf
3307	1148.15	inf
3308	1174.9	inf
3309	1202.26	inf
3310	1230.27	inf
3311	1258.93	inf
3312	1288.25	inf
3313	1318.26	inf
3314	1348.96	inf
3315	1380.38	inf
3316	1412.54	inf
3317	1445.44	inf
3318	1479.11	inf
3319	1513.56	inf
3320	1548.82	inf
3321	1584.89	inf
3322	1621.81	inf
3323	1659.59	inf
3324	1698.24	inf
3325	1737.8	inf
3326	1778.28	inf
3327	1819.7	inf
3328	1862.09	inf
3329	1905.46	inf
3330	1949.84	inf
3331	1995.26	inf
3332	2041.74	inf
3333	2089.3	inf
3334	2137.96	inf
3335	2187.76	inf
3336	2238.72	inf
3337	2290.87	inf
3338	2344.23	inf
3339	2398.83	inf
3340	2454.71	inf
3341	2511.89	inf
3342	2570.4	inf
3343	2630.27	inf
3344	2691.53	inf
3345	2754.23	inf
3346	2818.38	inf
3347	2884.03	inf
3348	2951.21	inf
3349	3019.95	inf
3350	3090.3	inf
3351	3162.28	inf
3352	3235.94	inf
3353	3311.31	inf
3354	3388.44	inf
3355	3467.37	inf
3356	3548.13	inf
3357	3630.78	inf
3358	3715.35	inf
3359	3801.89	inf
3360	3890.45	inf
3361	3981.07	inf
3362	4073.8	inf
3363	4168.69	inf
3364	4265.8	inf
3365	4365.16	nan
3366	4466.84	inf
3367	4570.88	inf
3368	4677.35	inf
3369	4786.3	inf
3370	4897.79	inf
3371	5011.87	inf
3372	5128.61	inf
3373	5248.07	inf
3374	5370.32	nan
3375	5495.41	inf
3376	5623.41	nan
3377	5754.4	inf
3378	5888.44	nan
3379	6025.6	inf
3380	6165.95	nan
3381	6309.57	inf
3382	6456.54	inf
3383	6606.93	inf
3384	6760.83	inf
3385	6918.31	inf
3386	7079.46	inf
3387	7244.36	inf
3388	7413.1	inf
3389	7585.78	nan
3390	7762.47	inf
3391	7943.28	inf
3392	8128.31	inf
3393	8317.64	inf
3394	8511.38	nan
3395	8709.64	inf
3396	8912.51	inf
3397	9120.11	inf
3398	9332.54	inf
3399	9549.93	nan
3400	9772.37	inf
3401	10000	inf
3402	10232.9	nan
3403	10471.3	inf
3404	10715.2	inf
3405	10964.8	inf
3406	11220.2	inf
3407	11481.5	inf
3408	11749	inf
3409	12022.6	inf
3410	12302.7	inf
3411	12589.3	inf
3412	12882.5	inf
3413	13182.6	inf
3414	13489.6	nan
3415	13803.8	inf
3416	14125.4	inf
3417	14454.4	nan
3418	14791.1	inf
3419	15135.6	inf
3420	15488.2	inf
3421	15848.9	inf
3422	16218.1	inf
3423	16595.9	inf
3424	16982.4	nan
3425	17378	inf
3426	17782.8	inf
3427	18197	inf
3428	18620.9	inf
3429	19054.6	inf
3430	19498.4	inf
3431	19952.6	nan
3432	20417.4	inf
3433	20893	inf
3434	21379.6	inf
3435	21877.6	nan
3436	22387.2	inf
3437	22908.7	inf
3438	23442.3	inf
3439	23988.3	nan
3440	24547.1	inf
3441	25118.9	inf
3442	25704	inf
3443	26302.7	nan
3444	26915.3	inf
3445	27542.3	inf
3446	28183.8	inf
3447	28840.3	inf
3448	29512.1	nan
3449	30199.5	inf
3450	30903	inf
3451	31622.8	inf
3452	32359.4	nan
3453	33113.1	inf
3454	33884.4	inf
3455	34673.7	inf
3456	35481.3	inf
3457	36307.8	nan
3458	37153.5	inf
3459	38018.9	inf
3460	38904.5	inf
3461	39810.7	inf
3462	40738	nan
3463	41686.9	inf
3464	42658	inf
3465	43651.6	inf
3466	44668.4	inf
3467	45708.8	nan
3468	46773.5	inf
3469	47863	inf
3470	48977.9	inf
3471	50118.7	inf
3472	51286.1	nan
3473	52480.7	nan
3474	53703.2	inf
3475	54954.1	inf
3476	56234.1	inf
3477	57544	inf
3478	58884.4	nan
3479	60256	nan
3480	61659.5	inf
3481	63095.7	inf
3482	64565.4	inf
3483	66069.3	inf
3484	67608.3	nan
3485	69183.1	nan
3486	70794.6	inf
3487	72443.6	inf
3488	74131	inf
3489	75857.8	inf
3490	77624.7	nan
3491	79432.8	nan
3492	81283.1	inf
3493	83176.4	inf
3494	85113.8	inf
3495	87096.4	inf
3496	89125.1	nan
3497	91201.1	nan
3498	93325.4	inf
3499	95499.3	inf
3500	97723.7	inf
3501	100000	inf
3502	102329	inf
3503	104713	nan
3504	107152	nan
3505	109648	inf
3506	112202	inf
3507	114815	inf
3508	117490	inf
3509	120226	inf
3510	123027	nan
3511	125893	nan
3512	128825	inf
3513	131826	inf
3514	134896	inf
3515	138038	inf
3516	141254	inf
3517	144544	inf
3518	147911	nan
3519	151356	nan
3520	154882	inf
3521	158489	inf
3522	162181	inf
3523	165959	inf
3524	169824	inf
3525	173780	nan
3526	177828	nan
3527	181970	nan
3528	186209	inf
3529	190546	inf
3530	194984	inf
3531	199526	inf
3532	204174	inf
3533	208930	inf
3534	213796	nan
3535	218776	nan
3536	223872	inf
3537	229087	inf
3538	234423	inf
3539	239883	inf
3540	245471	inf
3541	251189	inf
3542	257040	nan
3543	263027	nan
3544	269153	nan
3545	275423	inf
3546	281838	inf
3547	288403	inf
3548	295121	inf
3549	301995	inf
3550	309030	inf
3551	316228	nan
3552	323594	nan
3553	331131	nan
3554	338844	inf
3555	346737	inf
3556	354813	inf
3557	363078	inf
3558	371535	inf
3559	380189	inf
3560	389045	inf
3561	398107	nan
3562	407380	nan
3563	416869	nan
3564	426580	inf
3565	436516	inf
3566	446684	inf
3567	457088	inf
3568	467735	inf
3569	478630	inf
3570	489779	inf
3571	501187	nan
3572	512861	nan
3573	524807	nan
3574	537032	nan
3575	549541	inf
3576	562341	inf
3577	575440	inf
3578	588844	inf
3579	602560	inf
3580	616595	inf
3581	630957	inf
3582	645654	nan
3583	660693	nan
3584	676083	nan
3585	691831	nan
3586	707946	inf
3587	724436	inf
3588	741310	inf
3589	758578	inf
3590	776247	inf
3591	794328	inf
3592	812831	inf
3593	831764	nan
3594	851138	nan
3595	870964	nan
3596	891251	nan
3597	912011	inf
3598	933254	inf
3599	954993	inf
3600	977237	inf
3601	1e+06	inf
3602	1.02329e+06	inf
3603	1.04713e+06	inf
3604	1.07152e+06	inf
3605	1.09648e+06	nan
3606	1.12202e+06	nan
3607	1.14815e+06	nan
3608	1.1749e+06	nan
3609	1.20226e+06	nan
3610	1.23027e+06	inf
3611	1.25893e+06	inf
3612	1.28825e+06	inf
3613	1.31826e+06	inf
3614	1.34896e+06	inf
3615	1.38038e+06	inf
3616	1.41254e+06	inf
3617	1.44544e+06	inf
3618	1.47911e+06	nan
3619	1.51356e+06	nan
3620	1.54882e+06	nan
3621	1.58489e+06	nan
3622	1.62181e+06	nan
3623	1.65959e+06	inf
3624	1.69824e+06	inf
3625	1.7378e+06	inf
3626	1.77828e+06	inf
3627	1.8197e+06	inf
3628	1.86209e+06	inf
3629	1.90546e+06	inf
3630	1.94984e+06	inf
3631	1.99526e+06	inf
3632	2.04174e+06	nan
3633	2.0893e+06	nan
3634	2.13796e+06	nan
3635	2.18776e+06	nan
3636	2.23872e+06	nan
3637	2.29087e+06	inf
3638	2.34423e+06	inf
3639	2.39883e+06	inf
3640	2.45471e+06	inf
3641	2.51189e+06	inf
3642	2.5704e+06	inf
3643	2.63027e+06	inf
3644	2.69153e+06	inf
3645	2.75423e+06	inf
3646	2.81838e+06	inf
3647	2.88403e+06	nan
3648	2.95121e+06	nan
3649	3.01995e+06	nan
3650	3.0903e+06	nan
3651	3.16228e+06	nan
3652	3.23594e+06	nan
3653	3.31131e+06	inf
3654	3.38844e+06	inf
3655	3.46737e+06	inf
3656	3.54813e+06	inf
3657	3.63078e+06	inf
3658	3.71535e+06	inf
3659	3.80189e+06	inf
3660	3.89045e+06	inf
3661	3.98107e+06	inf
3662	4.0738e+06	inf
3663	4.16869e+06	nan
3664	4.2658e+06	nan
3665	4.36516e+06	nan
3666	4.46684e+06	nan
3667	4.57088e+06	nan
3668	4.67735e+06	nan
3669	4.7863e+06	inf
3670	4.89779e+06	inf
3671	5.01187e+06	inf
3672	5.12861e+06	inf
3673	5.24807e+06	inf
3674	5.37032e+06	inf
3675	5.49541e+06	inf
3676	5.62341e+06	inf
3677	5.7544e+06	inf
3678	5.88844e+06	inf
3679	6.0256e+06	inf
3680	6.16595e+06	nan
3681	6.30957e+06	nan
3682	6.45654e+06	nan
3683	6.60693e+06	nan
3684	6.76083e+06	nan
3685	6.91831e+06	nan
3686	7.07946e+06	nan
3687	7.24436e+06	inf
3688	7.4131e+06	inf
3689	7.58578e+06	inf
3690	7.76247e+06	inf
3691	7.94328e+06	inf
3692	8.12831e+06	inf
3693	8.31764e+06	inf
3694	8.51138e+06	inf
3695	8.70964e+06	inf
3696	8.91251e+06	inf
3697	9.12011e+06	inf
3698	9.33254e+06	nan
3699	9.54993e+06	nan
3700	9.77237e+06	nan
3701	1e+07	nan
3702	1.02329e+07	nan
3703	1.04713e+07	nan
3704	1.07152e+07	nan
3705	1.09648e+07	inf
3706	1.12202e+07	inf
3707	1.14815e+07	inf
3708	1.1749e+07	inf
3709	1.20226e+07	inf
3710	1.23027e+07	inf
3711	1.25893e+07	inf
3712	1.28825e+07	inf
3713	1.31826e+07	inf
3714	1.34896e+07	inf
3715	1.38038e+07	inf
3716	1.41254e+07	inf
3717	1.44544e+07	inf
3718	1.47911e+07	nan
3719	1.51356e+07	nan
3720	1.54882e+07	nan
3721	1.58489e+07	nan
3722	1.62181e+07	nan
3723	1.65959e+07	nan
3724	1.69824e+07	nan
3725	1.7378e+07	nan
3726	1.77828e+07	inf
3727	1.8197e+07	inf
3728	1.86209e+07	inf
3729	1.90546e+07	inf
3730	1.94984e+07	inf
3731	1.99526e+07	inf
3732	2.04174e+07	inf
3733	2.0893e+07	inf
3734	2.13796e+07	inf
3735	2.18776e+07	inf
3736	2.23872e+07	inf
3737	2.29087e+07	inf
3738	2.34423e+07	inf
3739	2.39883e+07	nan
3740	2.45471e+07	nan
3741	2.51189e+07	nan
3742	2.5704e+07	nan
3743	2.63027e+07	nan
3744	2.69153e+07	nan
3745	2.75423e+07	nan
3746	2.81838e+07	nan
3747	2.88403e+07	nan
3748	2.95121e+07	inf
3749	3.01995e+07	inf
3750	3.0903e+07	inf
3751	3.16228e+07	inf
3752	3.23594e+07	inf
3753	3.31131e+07	inf
3754	3.38844e+07	inf
3755	3.46737e+07	inf
3756	3.54813e+07	inf
3757	3.63078e+07	inf
3758	3.71535e+07	inf
3759	3.80189e+07	inf
3760	3.89045e+07	inf
3761	3.98107e+07	inf
3762	4.0738e+07	nan
3763	4.16869e+07	nan
3764	4.2658e+07	nan
3765	4.36516e+07	nan
3766	4.46684e+07	nan
3767	4.57088e+07	nan
3768	4.67735e+07	nan
3769	4.7863e+07	nan
3770	4.89779e+07	nan
3771	5.01187e+07	nan
3772	5.12861e+07	inf
3773	5.24807e+07	inf
3774	5.37032e+07	inf
3775	5.49541e+07	inf
3776	5.62341e+07	inf
3777	5.7544e+07	inf
3778	5.88844e+07	inf
3779	6.0256e+07	inf
3780	6.16595e+07	inf
3781	6.30957e+07	inf
3782	6.45654e+07	inf
3783	6.60693e+07	inf
3784	6.76083e+07	inf
3785	6.91831e+07	inf
3786	7.07946e+07	inf
3787	7.24436e+07	nan
3788	7.4131e+07	nan
3789	7.58578e+07	nan
3790	7.76247e+07	nan
3791	7.94328e+07	nan
3792	8.12831e+07	nan
3793	8.31764e+07	nan
3794	8.51138e+07	nan
3795	8.70964e+07	nan
3796	8.91251e+07	nan
3797	9.12011e+07	nan
3798	9.33254e+07	inf
3799	9.54993e+07	inf
3800	9.77237e+07	inf
3801	1e+08	inf
3802	1.02329e+08	inf
3803	1.04713e+08	inf
3804	1.07152e+08	inf
3805	1.09648e+08	inf
3806	1.12202e+08	inf
3807	1.14815e+08	inf
3808	1.1749e+08	inf
3809	1.20226e+08	inf
3810	1.23027e+08	inf
3811	1.25893e+08	inf
3812	1.28825e+08	inf
3813	1.31826e+08	inf
3814	1.34896e+08	inf
3815	1.38038e+08	nan
3816	1.41254e+08	nan
3817	1.44544e+08	nan
3818	1.47911e+08	nan
3819	1.51356e+08	nan
3820	1.54882e+08	nan
3821	1.58489e+08	nan
3822	1.62181e+08	nan
3823	1.65959e+08	nan
3824	1.69824e+08	nan
3825	1.7378e+08	nan
3826	1.77828e+08	nan
3827	1.8197e+08	inf
3828	1.86209e+08	inf
3829	1.90546e+08	inf
3830	1.94984e+08	inf
3831	1.99526e+08	inf
3832	2.04174e+08	inf
3833	2.0893e+08	inf
3834	2.13796e+08	inf
3835	2.18776e+08	inf
3836	2.23872e+08	inf
3837	2.29087e+08	inf
3838	2.34423e+08	inf
3839	2.39883e+08	inf
3840	2.45471e+08	inf
3841	2.51189e+08	inf
3842	2.5704e+08	inf
3843	2.63027e+08	inf
3844	2.69153e+08	inf
3845	2.75423e+08	nan
3846	2.81838e+08	nan
3847	2.88403e+08	nan
3848	2.95121e+08	nan
3849	3.01995e+08	nan
3850	3.0903e+08	nan
3851	3.16228e+08	nan
3852	3.23594e+08	nan
3853	3.31131e+08	nan
3854	3.38844e+08	nan
3855	3.46737e+08	nan
3856	3.54813e+08	nan
3857	3.63078e+08	nan
3858	3.71535e+08	inf
3859	3.80189e+08	inf
3860	3.89045e+08	inf
3861	3.98107e+08	inf
3862	4.0738e+08	inf
3863	4.16869e+08	inf
3864	4.2658e+08	inf
3865	4.36516e+08	inf
3866	4.46684e+08	inf
3867	4.57088e+08	inf
3868	4.67735e+08	inf
3869	4.7863e+08	inf
3870	4.89779e+08	inf
3871	5.01187e+08	inf
3872	5.12861e+08	inf
3873	5.24807e+08	inf
3874	5.37032e+08	inf
3875	5.49541e+08	inf
3876	5.62341e+08	inf
3877	5.7544e+08	inf
3878	5.88844e+08	nan
3879	6.0256e+08	nan
3880	6.16595e+08	nan
3881	6.30957e+08	nan
3882	6.45654e+08	nan
3883	6.60693e+08	nan
3884	6.76083e+08	nan
3885	6.91831e+08	nan
3886	7.07946e+08	nan
3887	7.24436e+08	nan
3888	7.4131e+08	nan
3889	7.58578e+08	nan
3890	7.76247e+08	nan
3891	7.94328e+08	nan
3892	8.12831e+08	nan
3893	8.31764e+08	inf
3894	8.51138e+08	inf
3895	8.70964e+08	inf
3896	8.91251e+08	inf
3897	9.12011e+08	inf
3898	9.33254e+08	inf
3899	9.54993e+08	inf
3900	9.77237e+08	inf
